0000000000000000000000001000000000000000000000000000100000000000000000000000000000
0111000101101110000111011011100001101110110010101011101100111001011100101110011110
0000100010000001100000000000000000000000000001000000000001000000000010000000100000
0000000000000000000000000000000100000000000000000000000010000000000000000000000000
1111111111111111111111111111111110111111111111111111111111011111111111111111111111
0000100010000001100000000000000000000000000001000000000000000000000000000000100000
1111111010111111111110111110111111111111111111111111111111111110110011110101111111
1111111111111111111101111101111111111101111111111111111011111111101111111111111001
1111111111111111111111111011111111111111111111111111111111111111111110111111111111
1111111111111111111111111111111110011111111111111101110111010111111111111111111111
0111000101101110000011011011100001101110110000101011101100111001011100101110011110
0000000000000000000000000000000001100100000000000010001000101000000000000000000000
1111111010111111111110111110011111111111111111011111111111111110110011110101111111
1111111011111111111110111111111111111111111111111111111111111110111111111111111111
1111111111111111111111110111111111111111111111110111011111111111111111111111111111
0000000000000000000000000000000001000000000000000000001000100000000000000000000000
1111111111111111111111111111111111101111110111111111111111111111111111111111111110
0000000010000001000000000000000000000000000000000000000000000000000000000000100000
1111111111111111111111111111111110011111111111111101110111011111111111111111111111
1111011101111110011111111111111111111111111010101111111110111111111101111111011111
1111111111111111111111111111111110011111111111111111110111011111111111111111111111
0111000101100100000001011001100001101100110000101010101000101001001100101010001000
1011111111111111111111111111111111111111111111111111111111111111111111011111111111
1111111111111111111111111111111111111111110111111111111111111111111111111111111110
0000000100000000000000000000000000000000000000000000000000000001000000000000000000
0000100010000001100000000000000000000000000001000000000000000000000010000000100000
0000100010000001000000000000000000000000000001000000000000000000000000000000100000
1111111111110101111101111101111111111101111111111110111011101111101111111011101001
0111000101100100000001011001100001100100110000101010101000101001001100101010001000
0000000000000000000000000000010100010000001000000000000010000000000000000000000001
0000000101000000000001011001100001100100110000101010101000101001001100001010000000
0000000000010000010000100000010100010001001000000000000010000000100000000001000001
1000111010010001111000100100011110010001001111010100010011000110100011010001100001
0000000001000000000000000001000000000000000000000000000000000000001100000010000000
0000000000000000000000000000000001100100100000000010001000101000000000000000000000
0000000010000001000000000000000000000000000000000000000000000000000000000000000000
1111111010111111111110111110111111111111111111111111111111111110110011111101111111
0000100000000000000000000000000000000000000001000000000000000000000000000000000000
1111111111111111111101111111111111111101111111111111111011111111111111111111111011
1111111111101111101111011111100011101110110111111111111101111011011111111110111110
1111111111101111111111111111111111111110111111111111111111111111111111111111111111
1000110010010001111000100100011100010001001101010000000011000110100011010001100001
1111111111101111111111011111101011101110110111111111111101111111011111111110111110
0000100010000001101000000000000000000000000101010000000001000000000010000000100000
1111111111111111111101111101111111111101111111111111111011101111101111111111111001
1000010000000000000000000000000000000000000000000000000000000000000000000000000000
0000000000001010000000000000000000000000000000000000000000000000000000000100000000
1111011101101110000111011011100011101110110010101111111100111001011100111110011110
1111111111111111111101111101111111111101111111111111111011111111101111111111111011
1111111111110101111111111111111111111111111111111111111111111111111111111011101111
0100000000000000000000000000000000000000000000000000000000000000000000100000001000
0000100010010001111000100100011100010001001101010000000011000110100011010001100001
1111111111111111111111111111101111101111110111111111111111111111111111111111111110
1111111110111111111111111110111111111111111111111111111111111111110011111111111111
0000000000001000000000000000000000000000000000000000000000000000000000000100000000
1111111111111111111111111110111111111111111111111111111111111111111011111111111111
1001111111111111111111111111111111111111111111111111111111111111111111011111110111
0000000000010000010000100000010100010001001000000000000010000100100000000001000001
1111111010111111111110111110011111111111101111011111111111111110110011110101111111
0000000000100100000000000000000000000000000000000000000000000000000000000000000000
1111111111111111111111111111011111111111111111011111111111111111111111111111111111
1111111111111111111111111111111111111111111011101111111111111111111111111111111111
0000000001000000000000000001000000000000000000000000000000000000000100000000000000
1111111010111111111110111110011110011011001111011101110111010110110011110101111111
0000000000000000000000000000000000000010000000000000000100000000000000000000000000
0110000101000000000001011001100001100100110000101010101000101001001100101010001000
0111000101000000000001011001100001100100110000101010101000101001001100101010001000
0000000000000000000000100000000000000000000000000000000000000000000000000001000000
0000100010000001101000000000000000000000000101010000000001000010000010000000100000
0000001000000000000000000000000010000000000000000100000000000000000000000000000000
1111111111101111111111011111111111111110111111111111111111111111011111111110111111
0000000000000000000000000000000010000000000000000100000000000000000000000000000000
1111111111101111111111111111111111111110111111111111111111111111011111111111111111
0000100010000001101000000100000000000000000101010000000001000010000011000000100000
1111110111111111111111111111111101111111111111111011101111111111111111111111111111
0000000000000000000000000010000000000000000000000000000000000000010000000000000000
0000000000000000000010000000000000000000000000000000000000000000000000000000000100
0000000000000000000000011000000000000000000000001000100000000000000000000000000000
0000000000001010000000000000000000000000000000000001000000000000000000000100010000
