821 1143
604 741
814 523
736 315
780 500
529 816
21 145
590 196
515 682
519 365
240 413
239 575
727 179
785 161
167 132
231 655
83 35
768 164
127 684
317 4
457 518
3 654
177 789
229 713
763 395
102 295
619 75
686 542
208 707
391 622
752 407
203 536
576 390
485 783
326 453
267 686
581 726
691 807
318 473
283 169
161 31
18 471
526 20
123 665
161 409
126 638
762 469
530 528
408 267
799 280
574 5
786 272
137 499
531 660
647 626
245 504
464 545
341 591
728 700
547 192
395 95
180 400
375 711
388 77
308 138
418 45
9 83
65 540
156 461
261 417
731 67
34 785
571 384
196 422
247 298
157 94
453 273
633 794
387 48
715 673
102 503
437 325
794 817
314 327
226 37
648 212
571 294
356 363
408 340
326 403
186 664
766 149
687 811
267 37
554 83
426 300
647 275
649 624
77 118
242 211
745 332
414 773
366 302
129 301
450 760
27 566
198 558
689 343
250 693
624 5
17 169
13 792
589 227
664 6
68 495
564 631
718 141
445 619
682 696
198 441
484 620
296 722
510 197
732 96
245 166
814 116
725 236
637 559
134 177
544 492
429 651
644 618
733 124
804 404
457 21
555 322
560 706
274 369
154 487
223 347
204 625
294 88
752 692
481 490
554 539
551 150
247 365
274 267
720 509
624 657
333 737
344 659
625 774
620 320
810 583
647 536
691 698
714 454
335 96
12 742
234 89
139 445
604 693
3 447
24 221
122 432
63 638
383 459
70 740
774 154
359 736
615 155
170 262
126 491
533 681
272 475
59 529
613 661
430 339
406 300
180 690
209 211
136 400
506 499
298 41
11 241
814 287
315 142
131 47
634 416
263 173
777 361
768 166
7 773
486 439
412 36
131 359
703 501
175 464
68 766
319 801
315 94
192 507
58 123
211 720
270 36
160 440
750 343
242 441
400 503
496 668
533 10
394 311
803 26
104 176
41 262
245 269
662 323
92 287
659 19
164 723
111 99
268 217
566 336
628 810
447 726
595 569
519 528
446 117
20 473
355 378
126 690
217 246
676 806
282 338
752 561
815 252
87 365
70 583
161 815
84 130
212 447
444 617
406 489
420 759
682 238
181 656
795 517
66 730
671 768
50 385
25 157
672 779
346 145
360 449
676 209
387 558
236 48
344 385
249 732
372 6
424 252
67 560
627 535
596 590
76 227
276 112
103 756
122 187
515 569
447 457
267 392
403 711
180 642
546 610
310 9
479 561
807 563
360 494
87 655
431 361
629 646
113 713
318 594
201 230
302 413
545 671
356 764
574 64
97 669
122 439
821 770
468 187
731 249
151 136
284 150
225 210
89 557
640 634
623 201
269 194
116 207
726 309
220 664
200 57
632 491
89 491
580 467
275 797
695 184
245 535
426 587
330 806
259 72
681 592
275 281
227 732
269 413
226 290
27 200
658 437
786 254
393 486
642 757
675 14
336 620
794 623
562 800
711 462
821 186
68 776
226 331
767 27
496 116
443 755
710 478
520 670
513 659
180 165
227 487
579 315
774 517
269 246
170 303
768 599
432 4
43 383
462 327
13 261
171 630
259 27
358 692
113 632
518 440
618 26
745 130
303 467
747 434
728 651
510 760
186 89
758 291
812 322
552 68
267 49
595 467
282 665
490 712
590 324
135 475
575 398
301 243
95 15
510 438
261 85
163 198
279 315
766 199
223 140
634 559
644 242
680 247
87 170
83 98
282 759
670 322
429 410
12 723
581 435
423 164
425 541
409 128
301 743
577 617
146 777
60 544
519 156
370 801
747 185
593 718
212 814
507 150
631 350
410 590
69 112
746 232
326 21
60 296
411 33
654 783
162 801
678 662
529 646
289 299
678 208
356 43
107 128
605 70
358 324
677 599
250 545
694 164
215 760
190 297
178 110
54 339
588 49
478 721
64 240
146 417
207 658
70 278
340 530
67 369
549 482
472 564
819 159
806 106
107 420
250 634
514 520
253 340
199 173
141 165
496 321
97 261
126 721
587 661
716 554
151 557
289 30
721 561
327 9
619 391
503 549
51 92
580 680
667 680
142 740
560 227
477 557
737 207
672 272
349 429
225 549
222 130
779 269
483 88
735 415
430 490
213 38
152 796
633 664
446 578
702 552
318 253
157 651
217 314
480 192
84 105
420 310
660 712
760 321
568 381
68 84
763 259
398 470
583 20
631 499
206 738
311 778
77 721
575 89
458 330
127 335
281 348
293 750
184 814
276 103
721 67
343 786
174 501
53 395
199 535
302 541
231 127
41 762
260 263
387 665
176 389
169 500
111 761
108 397
372 66
574 73
683 470
307 354
454 594
249 243
176 698
739 144
421 83
424 506
46 189
127 349
668 465
602 235
182 575
444 247
166 618
16 285
26 636
244 299
550 478
45 198
256 198
348 15
171 97
712 815
293 443
12 253
155 319
543 254
499 673
457 392
418 625
130 144
185 74
475 180
613 480
579 281
817 445
232 235
769 443
174 632
165 563
556 101
469 324
693 649
526 419
8 816
81 174
349 413
256 758
744 483
350 335
696 359
156 87
140 320
374 558
763 273
748 638
485 608
307 653
555 47
195 442
336 274
364 547
491 254
365 321
394 806
730 59
462 204
473 18
104 683
173 208
802 512
376 173
133 341
474 426
546 783
14 724
104 475
308 324
580 283
232 698
352 346
308 114
158 492
537 752
567 329
632 103
689 821
113 394
304 77
600 709
684 806
421 728
353 242
414 540
814 353
77 179
335 364
109 319
732 622
529 434
178 160
61 402
474 564
606 757
133 651
540 41
620 684
414 119
120 687
344 739
134 663
285 569
675 7
581 220
751 272
272 626
777 807
150 803
170 47
576 123
667 481
304 485
781 109
450 9
130 424
811 706
643 383
458 78
553 113
82 171
465 301
291 282
14 374
235 332
331 710
558 726
244 282
785 88
788 628
451 393
104 162
773 75
664 443
299 105
380 566
209 84
348 20
400 770
218 388
128 383
647 139
198 187
545 705
538 153
714 324
459 17
139 683
556 352
768 622
498 739
81 322
145 341
435 615
460 260
90 601
473 719
99 688
603 546
388 128
323 537
583 652
152 251
295 78
808 223
186 360
126 767
240 390
54 230
366 643
731 351
40 570
601 790
245 211
245 270
52 183
425 307
579 460
660 130
203 204
70 550
393 16
544 325
389 251
450 269
201 11
362 116
470 509
226 456
395 120
749 105
806 559
803 462
12 649
798 751
263 234
667 600
104 142
658 728
375 87
92 771
326 379
803 710
416 126
703 766
349 250
177 657
685 203
631 708
199 291
13 12
690 306
201 820
305 821
572 285
356 722
389 199
793 454
423 97
417 769
595 367
602 442
75 449
485 789
116 403
809 95
711 555
594 373
749 522
280 564
670 507
118 67
679 527
222 515
274 482
615 487
94 150
621 606
685 316
318 752
562 9
111 777
55 620
341 689
587 716
485 232
119 345
619 656
383 774
78 610
469 181
520 662
438 677
235 448
204 114
359 62
595 409
311 288
442 561
530 18
69 218
462 105
624 557
517 76
362 340
717 481
479 198
579 345
798 245
275 794
712 35
265 55
601 8
544 774
608 4
37 86
26 571
93 708
593 622
274 52
628 283
813 203
603 640
240 696
562 185
136 574
697 568
763 57
375 200
530 289
277 663
194 599
803 639
234 642
149 31
561 726
662 629
253 504
305 759
103 700
768 574
595 641
807 253
100 655
371 318
640 298
120 585
297 347
700 81
121 494
437 155
622 51
41 547
27 13
543 443
795 465
213 810
400 791
486 716
385 733
64 739
801 309
666 373
297 59
759 720
136 503
72 214
361 707
235 182
518 126
567 501
285 98
313 284
443 638
607 537
742 155
805 540
800 776
39 102
437 517
50 801
680 643
442 366
365 34
377 132
654 2
286 131
820 692
586 121
711 804
65 101
635 326
520 583
679 145
364 699
415 40
451 81
489 422
79 367
520 495
308 502
227 620
569 398
299 408
413 361
7 408
125 320
532 362
303 477
660 59
747 462
508 346
427 690
631 601
77 790
420 167
351 492
360 610
393 788
17 455
556 397
707 215
500 639
530 273
499 773
283 752
163 210
235 534
57 807
792 479
28 39
211 403
326 200
258 391
666 56
170 37
347 489
634 372
395 318
147 221
571 498
498 302
569 153
387 735
801 104
608 162
115 364
441 303
697 738
376 278
548 479
217 419
442 755
114 628
713 204
811 688
178 151
79 597
608 730
607 388
638 119
608 152
82 346
347 746
355 617
664 492
624 755
477 272
610 570
316 510
105 148
331 709
346 132
179 807
96 312
681 105
604 564
452 526
566 325
158 176
627 269
203 376
206 91
635 739
747 422
394 574
365 429
518 454
320 345
547 449
110 184
78 269
316 417
139 789
67 530
404 288
445 752
239 227
537 324
146 687
14 471
797 115
320 322
340 106
137 432
636 718
68 195
232 310
761 802
783 691
96 584
240 647
319 412
546 637
375 325
479 643
63 218
248 12
813 323
386 607
326 673
564 692
653 282
4 27
534 8
564 573
772 250
310 66
609 745
381 88
83 653
180 463
708 422
275 329
475 596
667 814
256 372
194 494
62 212
54 410
549 269
375 232
772 781
265 701
720 27
511 307
674 815
635 287
420 416
567 754
502 483
726 336
743 33
60 791
338 366
619 700
44 45
311 2
326 768
500 701
111 715
374 674
291 417
260 406
616 582
547 117
342 671
545 704
710 306
37 677
643 790
338 418
105 646
540 343
492 652
70 249
626 666
74 687
33 37
758 349
6 34
244 637
98 354
663 582
723 577
470 191
55 575
423 148
81 809
31 521
657 465
534 721
563 625
450 43
797 85
169 746
119 483
208 128
321 710
400 346
152 236
167 381
56 767
511 7
473 650
775 516
508 159
282 622
544 373
157 520
530 184
150 241
303 31
1 36
743 819
6 453
98 111
759 315
367 270
785 143
497 430
807 770
710 302
159 407
400 582
796 32
179 585
328 141
696 7
446 85
40 204
176 628
237 283
73 464
684 752
449 448
3 81
712 5
302 765
102 750
266 104
519 419
26 430
319 552
391 649
191 201
72 1
237 697
821 66
613 276
193 231
715 605
535 820
676 122
468 265
779 774
115 717
59 104
686 183
