2797.91250886
2894.96526886
2992.01802886
3089.07078886
3160.10789886
3291.14838886
3348.16984886
3445.22260886
3558.30666886
3695.36557886
3842.43398886
3941.50239886
4054.58645886
4153.65486886
4252.72327886
4339.75530886
4470.79579886
4617.86420886
4714.91696886
4785.95407886
4949.01740886
5063.06033886
5194.10082886
5251.12228886
5354.13147886
5469.15841886
5598.20100886
5729.24149886
5892.30482886
5991.37323886
6078.40526886
6209.44575886
6322.52981886
6469.59822886
6566.65098886
6679.73504886
6778.80345886
6892.84638886
7021.88897886
7177.99008886
7280.99927886
7380.06768886
7493.15174886
7606.23580886
7693.26783886
7830.32674886
7929.39515886
8057.49011886
8144.52214886
8275.56263886
8388.64669886
8489.69437886
8592.70356886
8748.80467886
8861.88873886
8918.91019886
9104.98950886
9192.02153886
9289.07429886
9376.10632886
9507.14681886
9620.23087886
9757.28978886
9943.36909886
10044.4167789
10172.4753589
10269.5281189
10384.5550589
10540.6561689
10668.7147489
10755.7467789
10858.7559689
11005.8243789
11136.8648689
11239.8740589
11425.9533689
11525.0217789
11653.0803589
11800.1487689
11947.2171789
12060.3012389
12131.3383489
12259.4333089
12373.4762389
12444.5133489
12572.6083089
12643.6454189
12746.6546089
12847.7022889
12950.7114789
13051.7591589
13154.7683489
13269.7952889
