873 2726
429 310
12 687
333 431
588 91
533 507
437 406
663 733
868 593
64 114
318 395
873 509
211 642
266 302
436 741
494 765
408 126
725 724
265 110
802 351
324 306
694 721
135 449
383 785
114 487
869 218
246 157
31 547
18 682
247 765
582 383
840 362
697 154
254 657
437 415
337 159
581 354
799 10
45 230
626 163
723 292
339 2
502 147
412 655
33 147
680 647
579 293
136 729
597 633
664 400
309 60
458 275
847 863
829 736
651 346
75 817
466 339
447 759
86 267
90 592
842 54
31 807
227 419
599 721
48 649
740 488
124 87
238 545
176 640
591 680
776 210
282 512
517 58
287 97
241 454
556 123
462 249
249 185
746 281
451 789
322 695
515 275
77 414
25 630
541 528
384 477
844 615
50 655
525 60
395 660
325 22
441 156
50 696
829 641
761 57
837 28
675 497
362 483
39 420
496 357
667 629
193 179
585 476
672 247
538 273
317 322
575 798
118 234
528 359
73 721
440 839
226 11
760 634
796 131
584 680
40 272
647 521
800 309
483 438
548 517
550 267
699 591
715 838
457 602
653 726
613 74
25 753
361 675
491 477
368 96
668 827
713 506
57 382
768 367
494 478
722 376
246 240
156 35
837 601
5 450
206 116
773 629
525 353
368 136
145 266
347 825
80 412
20 164
800 688
636 865
766 816
3 76
185 712
759 318
785 459
172 767
544 139
5 629
580 408
198 421
215 384
755 201
596 181
211 145
691 292
859 167
237 775
807 714
780 1
801 405
412 831
126 730
452 201
40 801
57 645
462 173
29 833
48 807
824 631
534 650
226 858
388 61
135 707
64 797
587 383
622 537
109 239
517 24
283 467
693 140
768 648
362 803
473 361
348 773
77 855
98 243
391 379
121 568
696 783
123 254
471 116
54 4
475 394
700 193
521 721
666 465
778 854
670 263
179 346
31 618
624 363
678 818
312 338
8 587
597 322
33 392
343 821
73 324
515 381
95 21
811 82
563 511
582 776
604 395
859 181
402 742
132 814
409 763
653 722
544 695
285 344
379 104
34 645
709 340
835 333
158 105
767 325
469 386
488 741
327 850
278 797
142 541
844 404
594 652
702 14
371 112
835 829
508 866
680 552
351 382
614 474
138 386
103 494
275 743
332 409
498 420
410 357
87 385
235 504
77 96
189 678
653 376
124 528
159 243
117 667
21 868
80 480
47 228
636 577
566 704
185 432
846 458
761 452
373 321
763 729
693 605
547 62
281 72
230 528
357 104
322 154
33 290
35 514
333 495
293 509
817 418
396 81
805 566
810 246
756 846
741 67
524 226
127 126
678 636
237 303
684 472
706 470
673 92
181 511
88 470
352 91
831 861
44 385
618 487
322 606
324 145
693 726
520 157
369 729
198 68
823 709
516 678
665 100
42 330
405 604
687 128
284 259
108 575
218 580
37 790
384 140
207 496
868 414
706 465
210 844
139 263
103 533
326 486
538 805
777 604
231 91
155 848
9 125
232 189
102 239
694 454
126 627
326 113
310 479
504 839
142 50
145 254
254 168
510 715
811 567
119 762
51 513
719 387
434 212
306 737
471 740
61 19
430 344
433 95
414 75
125 609
148 802
259 508
728 191
743 500
490 171
110 656
438 155
96 110
236 176
455 470
124 349
116 144
834 816
691 284
622 211
226 811
720 183
116 330
763 190
265 575
488 166
57 343
590 412
846 81
100 741
460 208
177 542
202 750
774 536
298 375
505 567
549 766
499 728
98 373
465 481
227 343
838 89
759 178
82 362
506 283
605 147
326 459
537 824
256 632
722 743
411 326
458 860
661 632
222 326
612 202
457 725
344 368
558 501
731 438
355 321
394 57
360 745
113 569
411 572
699 709
487 832
360 494
197 138
770 498
41 264
386 459
852 576
362 302
68 694
459 447
510 743
546 787
392 615
747 453
214 251
426 627
785 672
534 357
37 374
108 118
589 800
643 261
220 754
300 237
135 379
712 715
417 114
790 786
475 804
684 830
367 552
523 665
376 671
68 701
148 312
710 436
508 8
594 43
388 256
10 136
835 354
784 10
179 624
774 629
95 369
722 135
122 433
567 166
866 48
594 333
371 137
639 197
568 698
143 138
755 815
348 367
732 395
13 650
657 817
780 348
494 357
521 15
817 257
525 592
819 37
474 94
145 502
440 364
62 589
685 712
51 850
34 585
347 207
169 182
149 445
155 487
736 547
849 767
536 117
479 668
173 759
118 855
853 117
468 536
801 410
730 480
734 296
312 4
5 762
134 461
211 480
841 652
457 864
224 666
645 809
585 553
17 354
773 278
589 604
455 787
60 448
79 787
325 548
624 144
36 553
655 486
335 609
179 99
364 93
437 177
75 729
387 46
106 241
602 794
363 584
513 717
42 722
313 858
758 36
102 77
599 257
657 77
452 20
643 571
352 347
371 156
667 603
682 152
853 705
798 521
180 491
787 248
400 534
37 847
331 731
425 530
780 809
469 697
348 625
310 749
777 565
853 488
693 489
660 230
427 582
563 63
798 737
487 698
606 99
623 835
311 854
870 654
721 500
171 701
761 250
28 545
711 650
693 139
255 341
649 224
65 505
253 458
454 213
37 115
42 565
172 363
579 189
831 849
699 833
476 17
60 638
814 260
373 92
358 806
545 238
767 300
144 347
661 261
403 672
424 166
116 175
82 558
573 184
315 535
776 426
11 154
412 782
452 867
269 659
160 812
226 453
309 535
422 116
813 540
317 386
707 179
157 579
732 620
566 607
206 89
825 343
493 246
269 211
826 13
596 534
176 392
215 290
825 602
845 498
3 211
540 410
96 422
521 149
560 168
21 804
339 184
468 682
714 654
491 78
855 668
539 553
836 29
263 853
711 303
442 489
223 81
278 83
45 828
393 49
692 549
525 344
199 413
222 57
648 569
259 431
812 175
870 509
731 460
422 578
260 438
321 160
104 395
269 384
472 361
184 232
169 673
261 646
391 722
52 540
627 502
666 272
501 344
102 430
177 815
27 618
78 485
96 184
118 211
729 110
527 807
527 658
308 50
735 64
152 105
316 178
389 260
172 737
470 849
824 80
845 624
37 563
25 91
336 405
635 619
565 199
342 832
342 757
173 377
122 765
530 241
509 417
200 563
535 640
846 469
166 694
742 218
253 487
218 461
464 860
764 386
759 347
40 582
826 557
403 161
424 250
247 191
851 232
871 608
303 802
750 275
56 432
224 327
386 42
483 348
447 249
358 174
61 18
353 601
501 219
182 782
682 334
60 673
759 481
597 390
83 234
376 96
138 579
605 582
324 810
623 342
114 720
424 225
722 312
9 291
812 324
200 466
256 649
367 846
795 860
704 834
121 202
413 434
787 816
308 528
869 281
315 202
622 756
40 677
241 100
352 572
844 485
172 308
669 605
428 864
804 815
513 526
127 143
181 680
594 358
191 451
709 252
714 201
657 811
520 770
334 83
501 316
637 181
32 167
287 827
733 428
842 558
219 324
528 396
430 721
587 100
718 435
493 569
522 307
320 17
798 220
854 41
31 120
608 809
770 504
76 855
681 563
276 174
206 246
339 617
16 862
682 25
828 104
31 756
641 523
569 470
534 355
95 806
627 449
48 611
289 271
145 2
754 518
647 540
191 536
248 395
249 589
5 286
241 348
704 371
817 511
855 445
413 492
751 82
181 555
27 486
502 692
858 148
698 128
736 51
840 524
574 840
721 244
298 408
763 324
322 89
361 645
697 387
537 777
238 861
370 160
704 219
28 635
710 801
344 304
315 406
52 606
483 75
331 26
760 226
781 628
782 183
372 822
456 825
606 44
589 76
627 425
422 381
372 287
83 433
546 811
53 191
27 534
442 743
705 736
479 245
5 834
209 868
339 853
799 316
412 671
825 772
492 256
771 746
519 120
386 189
247 238
491 594
554 338
866 388
477 411
776 313
10 773
798 64
104 407
583 801
367 70
762 836
739 746
199 354
27 502
221 657
684 596
704 186
813 376
688 830
339 858
462 366
15 124
675 759
681 670
755 387
408 278
154 333
158 710
509 178
113 199
665 178
757 225
851 125
542 616
173 304
873 138
359 5
290 185
509 622
206 392
562 535
651 176
28 580
341 789
173 353
206 315
354 384
120 515
631 9
603 667
209 540
160 627
288 109
846 378
505 604
426 218
393 126
563 532
725 380
307 629
434 855
308 218
795 728
129 142
758 689
854 357
787 867
58 849
207 275
96 675
335 367
580 523
174 220
137 371
361 142
287 658
401 743
218 695
554 646
55 359
262 387
321 678
513 637
493 266
662 224
793 119
59 576
830 44
263 111
376 775
175 308
647 750
436 459
537 519
131 818
25 347
405 234
681 348
648 761
835 176
359 765
20 602
609 344
851 391
118 721
17 706
549 313
753 248
437 42
20 6
848 212
64 669
871 585
858 751
87 613
859 500
591 3
151 776
702 868
290 824
862 409
315 182
375 549
178 748
312 558
772 849
383 271
458 25
242 858
687 605
486 12
162 773
694 42
565 764
539 602
612 60
355 45
238 65
188 525
770 701
254 794
169 623
443 591
208 3
45 293
231 115
846 105
849 187
243 212
762 537
376 62
783 857
187 102
190 554
761 844
549 726
751 720
789 824
295 500
18 484
2 151
408 145
385 691
558 719
154 519
472 500
274 238
261 454
801 228
568 217
533 271
790 872
556 650
117 391
7 706
447 124
380 644
792 91
591 597
478 488
777 476
615 164
47 230
485 410
160 458
767 418
473 821
691 353
411 251
678 816
681 137
826 425
423 845
650 302
688 117
545 7
482 851
86 97
236 387
806 366
426 680
793 624
746 560
231 839
197 394
252 712
404 243
441 623
559 462
466 673
213 211
859 727
472 83
821 823
729 509
756 85
496 574
81 171
624 207
7 530
211 600
815 234
697 527
749 514
4 788
439 568
559 859
269 287
216 861
569 146
752 429
611 661
82 93
373 63
484 267
255 63
4 74
743 655
818 546
436 572
252 566
440 718
210 625
152 695
833 39
9 18
853 615
857 502
83 100
438 791
117 481
340 64
508 499
806 799
793 488
261 563
157 550
835 783
105 320
288 602
509 115
788 53
169 393
544 529
601 334
692 198
217 815
489 562
707 236
408 115
9 27
432 841
273 225
238 838
772 630
317 675
341 71
759 420
332 692
295 512
189 371
84 513
16 412
142 669
227 433
651 844
429 128
502 376
784 358
752 651
492 91
62 477
107 97
513 41
831 435
20 530
719 144
795 566
808 608
489 207
107 863
273 800
132 728
37 146
424 863
204 248
439 692
423 19
758 553
526 704
768 707
92 678
733 592
590 790
426 587
261 197
83 614
871 859
514 756
751 257
322 383
310 562
683 52
594 60
97 397
316 301
355 346
584 250
285 699
87 452
472 478
867 609
406 465
621 497
714 830
737 711
314 624
557 362
499 467
193 437
841 353
384 404
441 294
539 435
857 20
68 728
399 814
638 810
49 423
336 637
711 38
606 798
737 18
275 207
519 702
296 712
637 569
484 767
485 642
141 85
436 378
667 53
633 338
545 174
783 587
609 636
78 52
353 523
834 795
134 656
546 785
546 474
105 461
198 658
452 233
623 578
438 859
196 844
33 358
255 99
109 126
457 646
280 724
137 845
568 145
658 824
362 525
399 725
239 863
573 75
866 55
207 253
599 492
486 337
17 270
236 150
437 601
25 177
393 72
160 664
840 234
14 518
865 563
833 871
260 642
503 601
364 129
220 715
739 471
689 766
798 651
670 528
211 873
361 118
860 394
496 34
867 456
774 187
545 809
655 292
416 190
602 34
776 536
513 753
680 442
592 411
615 60
270 502
570 629
310 386
476 369
50 624
3 687
571 780
449 814
144 630
825 571
704 3
744 250
14 528
326 413
275 784
712 211
558 205
724 256
445 822
510 643
360 445
676 56
589 713
96 471
539 189
615 53
229 592
394 743
215 168
217 56
259 242
649 107
16 455
524 203
230 790
174 3
112 326
295 789
96 565
563 282
266 166
642 543
720 821
104 446
603 352
146 547
789 256
76 109
296 86
149 348
833 302
103 677
531 620
824 482
767 642
648 282
762 751
781 407
109 132
148 222
319 343
286 595
180 100
144 305
558 554
226 19
561 615
356 357
395 514
603 377
605 533
401 290
827 519
232 792
95 343
393 326
659 95
316 842
275 22
356 14
341 489
83 89
842 91
31 522
401 76
19 800
810 160
406 778
871 468
122 248
50 707
180 566
752 159
626 239
58 669
848 148
167 792
352 434
460 179
463 358
585 132
382 114
420 513
239 463
422 115
154 724
125 308
623 81
702 10
172 395
728 385
836 162
286 562
124 57
92 824
290 647
290 816
807 174
150 438
872 598
779 2
657 788
34 640
608 651
185 686
437 325
261 476
817 751
13 566
806 680
127 818
59 50
832 141
670 849
250 715
555 377
422 304
634 565
229 383
802 434
308 840
817 642
476 195
518 30
189 396
519 117
835 166
284 416
506 752
558 48
76 2
792 672
79 728
872 161
467 314
872 300
342 654
664 515
441 65
646 269
226 866
194 686
764 825
568 73
89 669
556 268
26 369
80 483
723 401
834 811
666 714
105 816
435 67
436 115
734 190
496 568
763 801
709 484
303 56
740 16
582 141
88 12
76 822
440 287
281 254
321 622
456 116
370 797
204 804
733 505
355 154
469 184
287 833
758 827
157 373
177 802
180 246
557 720
545 745
515 346
184 352
846 424
630 405
522 127
560 390
345 845
52 226
549 236
440 4
702 811
668 436
654 617
681 250
311 595
336 511
686 62
27 591
598 337
197 344
825 845
829 813
385 508
608 342
26 336
427 658
241 447
374 191
58 410
723 420
429 337
812 452
454 347
151 146
27 96
7 515
193 152
432 671
532 162
384 440
93 533
325 301
633 666
563 195
508 44
733 122
456 26
365 192
314 623
648 323
209 137
616 599
448 686
68 836
624 701
309 739
709 311
812 730
673 100
270 856
837 825
89 716
129 381
222 601
66 560
256 174
40 139
495 693
261 760
545 710
189 636
149 664
61 380
191 135
174 510
143 32
661 419
758 775
817 685
69 471
320 323
861 6
610 262
23 305
329 203
57 462
774 534
409 291
706 731
715 386
299 166
276 435
843 478
296 342
794 182
388 817
643 802
580 667
428 562
156 306
108 491
382 542
54 412
830 870
155 58
465 699
251 110
150 260
803 320
510 119
555 118
774 299
55 562
554 560
322 207
232 585
714 291
382 397
775 423
533 514
522 139
155 277
446 841
620 108
784 317
839 455
641 324
788 669
60 591
703 514
150 390
685 574
445 594
392 315
729 41
379 630
164 775
769 854
538 186
539 312
685 591
579 555
581 819
17 739
91 43
717 307
422 657
74 532
376 126
142 690
201 802
382 436
194 143
63 22
174 416
413 483
696 641
797 181
551 328
646 718
167 52
667 375
559 873
818 2
585 789
451 138
97 83
579 221
468 49
307 830
365 12
131 35
256 859
730 194
750 332
414 753
222 318
261 151
229 702
432 6
843 619
591 222
560 765
723 795
120 836
309 598
487 418
362 129
454 539
85 453
336 396
2 667
223 362
331 667
484 774
643 495
144 798
456 512
536 346
673 839
428 769
214 289
383 587
278 184
405 544
745 829
301 655
457 11
631 449
83 522
155 105
431 657
379 64
586 40
143 13
717 333
442 288
495 490
565 299
769 615
632 266
356 582
468 761
164 530
332 710
776 297
595 623
818 92
12 304
10 283
474 659
182 64
684 258
483 707
346 329
20 811
290 324
231 264
620 707
107 333
532 346
737 54
865 121
244 98
228 305
191 399
160 49
396 178
380 47
401 630
789 368
111 169
167 406
759 749
354 251
7 471
838 18
342 471
92 811
440 550
165 716
591 736
540 534
776 447
708 844
857 65
331 111
474 269
609 350
188 485
138 239
407 69
358 651
755 750
3 415
811 97
241 435
581 86
197 258
610 593
307 382
259 227
351 521
88 335
107 608
541 120
474 222
609 486
226 527
153 789
580 724
11 723
390 483
553 321
116 833
302 699
528 470
819 2
486 2
71 668
632 852
243 382
654 832
710 168
783 89
213 484
400 35
298 309
410 561
552 165
807 169
792 254
493 159
351 647
618 560
108 51
735 557
243 214
298 26
727 653
13 565
272 720
113 710
628 374
829 691
134 575
263 402
284 72
12 658
652 212
599 414
86 311
90 532
14 581
625 586
18 632
807 749
31 706
247 437
52 133
471 589
863 768
365 405
183 434
26 469
804 708
385 37
259 754
635 606
488 101
453 809
8 112
258 147
207 633
745 757
782 109
468 320
698 677
346 555
288 614
166 699
558 137
526 573
643 627
503 403
103 323
41 104
407 532
627 641
647 393
358 509
489 776
37 333
121 52
452 820
554 255
204 495
538 782
137 623
358 138
779 818
125 32
287 721
862 266
583 78
333 19
635 767
852 292
546 132
860 292
681 1
241 444
599 739
780 152
364 13
714 526
569 334
346 650
844 445
385 160
388 427
725 398
138 869
748 801
71 867
55 317
577 143
128 585
599 239
710 635
700 691
771 645
495 411
388 124
156 240
694 474
831 752
590 76
594 806
791 210
812 523
561 439
393 517
526 809
104 432
512 386
507 797
551 867
605 81
453 178
448 786
802 810
109 669
184 780
39 120
447 444
103 526
514 659
309 443
455 172
618 227
762 578
471 411
628 337
227 34
202 609
728 193
586 432
787 273
837 390
648 158
651 465
463 50
513 865
422 530
417 591
202 206
368 277
475 619
558 611
437 755
135 264
825 33
25 147
40 567
60 87
835 424
393 413
211 148
571 581
281 330
192 246
546 797
868 564
818 419
529 201
93 10
168 692
478 11
314 478
743 738
674 815
842 175
596 281
211 607
160 595
808 233
763 415
524 669
817 48
376 661
606 634
184 690
793 63
746 121
68 432
701 531
167 843
408 405
15 695
363 190
520 618
372 125
355 31
337 632
502 263
315 70
140 843
516 161
645 451
372 29
427 753
66 201
376 668
620 109
129 766
324 15
171 521
827 112
478 771
755 825
260 185
710 433
639 533
843 668
827 534
770 272
475 705
4 873
303 545
676 13
660 199
471 629
537 321
352 708
331 792
299 498
528 583
836 384
765 593
107 753
508 49
552 386
438 123
792 102
60 567
187 185
833 654
190 285
798 395
799 86
201 107
486 343
141 221
57 72
607 821
596 63
575 796
488 313
249 363
820 803
114 593
270 260
700 841
662 293
224 236
315 7
854 454
538 750
302 581
192 52
492 553
837 7
90 700
805 633
862 17
371 141
23 556
852 594
49 313
599 525
504 298
361 103
401 531
5 145
426 102
281 294
729 58
216 558
288 741
733 397
2 482
848 83
6 176
317 614
104 227
568 693
243 728
300 223
304 154
183 178
131 527
118 375
615 143
458 360
346 810
107 636
628 637
477 748
155 549
12 393
107 454
623 603
19 457
4 838
816 478
801 527
125 225
822 9
828 365
317 378
781 452
709 739
394 168
749 151
194 237
259 244
10 335
545 261
339 66
32 554
141 200
783 681
863 597
810 521
316 760
133 425
483 706
816 720
601 542
213 155
396 551
706 364
444 827
357 118
340 719
307 673
363 147
476 869
20 122
298 798
47 656
727 455
601 284
830 43
681 468
683 488
591 739
151 694
170 262
89 494
238 148
258 539
388 171
318 838
9 749
273 861
459 701
133 249
7 720
380 289
126 114
571 540
537 471
187 279
154 200
466 696
161 264
254 790
663 85
247 50
580 725
378 435
267 243
803 389
463 640
467 763
526 13
486 766
270 545
807 330
846 291
558 87
745 7
835 840
434 254
623 852
475 786
8 735
745 349
393 624
599 384
678 474
737 289
665 60
133 638
338 227
766 739
508 727
308 33
327 263
93 384
165 51
210 498
527 398
413 143
550 627
455 99
202 307
742 459
284 73
224 553
460 394
389 483
707 68
565 281
441 792
850 430
11 151
378 453
746 414
276 517
624 271
224 149
188 499
262 467
199 260
9 512
212 588
234 487
627 68
220 694
611 286
739 488
228 588
102 109
745 533
124 474
308 334
149 633
831 199
245 480
526 659
827 778
478 37
28 204
15 617
855 178
140 616
678 146
44 114
561 641
235 602
866 5
134 558
138 351
502 345
656 613
469 213
324 755
628 575
370 420
139 515
663 121
175 579
858 93
694 719
272 226
343 625
511 529
675 672
526 636
175 133
839 745
254 91
37 575
446 37
557 259
63 563
504 837
413 11
642 365
645 76
455 554
588 736
728 415
576 193
508 644
570 545
664 817
700 10
314 701
744 649
362 666
365 52
365 43
495 410
761 791
690 387
157 253
305 103
162 744
739 287
339 598
126 847
848 491
611 201
873 501
780 871
249 563
565 381
822 430
660 551
516 492
830 318
299 306
827 402
86 451
174 119
384 374
814 455
687 490
581 147
764 405
819 546
569 750
804 182
737 125
207 282
762 111
530 332
309 92
274 398
132 443
575 300
691 355
466 649
824 267
515 4
77 865
668 388
744 759
376 508
430 793
432 648
126 535
750 120
53 643
68 367
683 65
141 224
331 662
82 178
462 788
267 460
345 599
365 183
59 533
443 856
614 220
597 380
835 427
721 666
758 289
356 192
817 594
272 516
73 802
130 53
833 452
26 66
70 831
270 622
414 627
737 449
459 749
354 336
652 97
56 474
352 678
646 473
616 583
12 860
436 493
520 504
740 275
479 457
173 345
430 263
474 158
310 485
224 772
460 554
354 37
136 368
157 741
102 869
857 471
605 231
771 736
187 655
315 556
187 28
163 61
297 807
652 789
328 438
555 323
59 294
187 365
763 542
140 29
608 733
396 558
424 419
481 249
796 139
725 27
304 286
821 616
330 519
521 209
465 858
542 164
245 812
231 375
766 397
343 793
470 131
825 299
699 468
248 848
528 770
304 567
728 580
593 13
777 691
5 354
529 518
215 255
144 95
165 679
735 150
795 614
528 544
839 555
440 362
5 73
210 99
212 56
766 436
72 128
239 717
61 301
473 53
781 52
675 68
624 103
629 474
61 552
188 733
584 351
543 663
717 552
629 75
170 701
523 290
211 478
782 363
12 610
765 828
688 680
661 123
662 123
44 761
557 645
357 793
529 387
822 776
82 843
92 90
729 261
703 316
166 867
448 213
628 638
515 667
842 585
717 150
336 298
407 394
759 428
500 466
657 516
696 403
200 408
77 489
545 552
227 523
818 529
843 501
631 704
648 80
762 271
72 108
6 159
681 168
858 469
667 461
133 110
688 86
355 361
140 331
855 769
125 334
552 464
627 734
699 765
667 122
832 864
79 688
712 691
237 443
198 750
223 120
81 396
545 285
357 156
215 857
1 597
310 2
3 227
6 710
418 420
527 266
51 56
821 105
145 67
4 9
761 872
151 237
289 579
440 262
48 342
99 523
871 581
215 210
107 725
147 820
490 317
299 74
429 207
560 655
861 767
219 172
413 404
628 587
684 498
334 865
704 464
742 589
798 819
341 812
870 710
655 512
162 119
77 477
95 385
764 806
229 584
450 871
513 469
289 419
239 313
250 550
45 709
856 174
642 687
773 823
855 660
768 377
698 512
203 745
826 419
408 227
666 617
116 413
226 32
82 221
7 229
690 553
186 504
257 564
203 699
521 557
614 754
18 88
256 683
684 772
684 337
64 425
512 87
219 353
117 220
101 178
33 690
841 715
291 540
37 96
627 269
294 204
93 219
596 497
282 652
561 196
799 267
748 212
453 331
148 415
684 6
775 217
14 675
200 443
94 312
406 25
563 637
213 214
308 258
805 664
25 315
560 282
816 175
120 300
506 845
216 480
441 440
18 362
798 443
112 491
38 306
167 768
723 189
205 250
462 2
541 570
636 179
231 180
148 692
861 456
496 30
134 373
343 591
165 663
276 433
191 270
741 840
297 551
528 192
671 669
267 331
639 105
235 776
680 683
700 777
367 22
701 662
338 531
212 595
301 563
622 599
225 761
28 855
378 218
89 748
329 189
293 628
779 466
695 470
821 46
22 123
351 339
409 729
655 764
145 531
198 151
388 66
112 537
646 785
44 809
463 730
12 148
529 774
490 772
385 497
624 697
91 604
295 35
151 485
851 659
530 536
68 751
275 79
407 1
139 306
468 612
394 579
57 179
477 225
310 649
305 724
107 192
369 266
664 610
535 378
573 35
794 493
278 714
559 112
446 262
