1000 9912
50 96
669 203
86 935
677 704
424 634
247 400
182 557
322 73
535 855
280 362
863 885
5 84
445 141
427 398
854 43
289 481
809 762
574 954
406 536
333 984
885 98
47 798
907 777
964 718
382 651
398 172
146 189
293 442
99 103
564 27
539 809
769 857
94 174
131 160
425 899
249 199
146 303
178 253
877 317
239 996
477 943
499 907
155 215
340 89
513 888
876 123
443 848
115 584
188 132
603 815
412 988
144 98
496 597
904 572
488 709
715 618
700 158
295 602
44 346
211 443
396 445
254 127
534 29
495 883
228 542
998 110
671 924
875 753
813 369
942 769
58 684
432 857
546 470
730 619
91 447
261 393
427 913
120 349
854 536
463 642
582 523
340 866
234 429
133 719
617 100
369 275
152 455
119 363
569 378
80 89
116 687
651 876
869 661
394 415
87 382
845 430
705 763
426 12
319 859
105 587
700 826
445 145
307 176
324 882
535 1000
973 603
811 256
192 752
355 156
504 706
599 481
877 255
293 94
207 568
522 580
654 121
639 517
397 496
535 718
170 420
198 228
37 42
352 724
250 723
65 305
140 293
987 970
109 584
257 583
459 980
5 925
173 299
356 999
375 381
226 825
779 599
727 885
672 741
286 613
178 338
72 977
328 315
861 207
420 491
370 682
758 889
962 934
227 995
308 298
582 171
72 800
235 284
978 47
867 723
742 92
772 409
451 324
513 449
914 768
556 417
793 113
550 538
842 494
210 372
529 744
589 440
831 463
264 984
101 238
708 26
341 607
879 467
392 640
11 331
807 770
731 216
155 129
162 213
988 681
495 331
704 784
321 444
48 724
86 892
307 577
954 97
318 67
893 469
696 783
270 230
331 328
795 581
833 394
482 344
48 562
548 871
994 263
93 440
94 437
403 304
811 479
941 848
322 288
180 134
791 614
422 207
540 934
706 90
283 183
998 914
80 557
346 605
281 515
22 528
979 459
722 976
869 911
322 450
469 273
786 437
715 25
109 778
883 971
274 353
334 913
316 164
452 548
661 102
424 29
316 27
45 691
565 474
325 195
531 488
899 12
918 312
508 867
455 977
168 145
461 532
170 835
580 734
685 560
352 749
666 35
577 644
941 155
571 712
525 476
267 436
987 613
839 764
964 233
480 481
864 808
612 813
594 208
79 296
138 314
989 337
825 717
935 688
3 829
329 287
881 720
600 786
694 57
396 852
271 792
846 228
81 94
869 13
502 558
161 70
590 233
280 850
501 750
92 732
871 704
182 704
259 990
242 186
759 355
171 250
7 528
247 399
522 939
538 584
13 548
160 248
930 468
180 235
40 606
132 118
795 990
833 263
540 244
126 774
844 385
645 176
117 705
431 11
969 592
342 946
38 475
572 168
193 130
526 124
240 99
226 630
253 739
208 412
348 729
574 475
373 58
321 663
790 95
378 864
533 642
182 592
701 972
248 332
156 583
729 387
268 9
733 347
257 824
168 141
477 157
491 811
559 323
615 865
841 170
44 375
900 259
624 389
295 518
272 505
757 280
633 298
907 601
705 716
505 927
898 500
811 957
614 2
474 505
294 248
495 429
371 883
53 217
779 168
413 106
970 805
803 318
350 735
976 794
637 197
86 821
214 382
707 43
563 683
376 761
769 668
649 358
557 533
651 720
411 663
88 520
790 913
498 903
104 274
105 767
471 732
117 564
172 508
924 222
799 978
804 858
919 469
188 321
687 873
601 232
784 568
765 933
791 799
350 53
904 993
647 859
959 581
620 339
724 862
936 274
991 308
944 781
62 600
193 287
601 394
877 461
734 110
974 665
773 530
5 952
966 13
332 762
957 326
740 938
136 568
376 413
710 6
666 488
426 885
286 186
762 337
68 450
857 579
325 445
311 126
650 932
562 152
176 803
623 473
374 873
659 974
551 332
534 18
991 793
484 481
750 928
529 626
343 318
698 795
609 460
203 391
702 867
557 36
975 309
47 246
479 687
251 583
231 741
275 695
499 229
376 968
177 681
93 629
8 937
25 973
544 875
637 120
589 505
750 329
938 682
823 647
744 354
618 397
931 958
169 523
388 803
85 423
322 59
674 196
786 906
644 508
592 965
904 321
398 111
492 382
937 415
282 716
480 758
937 296
920 538
406 549
31 308
415 953
934 79
577 194
1000 727
268 653
35 746
476 964
678 64
919 366
100 568
657 187
659 538
677 136
420 167
350 83
425 783
156 832
875 259
861 812
93 322
274 540
114 863
260 607
634 102
317 922
871 343
377 247
106 991
642 339
311 188
975 213
596 30
71 343
690 103
671 356
605 344
93 315
776 516
137 794
373 276
874 363
302 597
613 969
71 685
463 263
643 355
443 315
176 94
984 965
695 105
219 848
367 456
993 905
388 707
500 687
518 51
603 758
840 4
254 890
367 57
578 904
724 638
121 679
51 824
718 84
519 93
155 790
797 347
836 487
362 618
916 63
756 702
725 937
482 748
712 316
971 473
932 801
100 9
530 600
403 450
521 363
852 659
601 917
764 103
947 641
86 95
990 737
376 352
726 47
566 580
949 324
327 48
221 557
294 955
367 723
541 154
330 276
503 275
52 889
751 569
122 515
22 529
69 538
945 628
562 653
818 867
676 389
749 572
645 398
630 196
499 578
80 672
944 981
464 783
596 962
838 814
70 15
805 200
830 533
120 764
396 51
617 361
552 169
736 454
810 737
762 294
945 334
571 475
412 149
418 710
866 712
775 646
746 882
859 561
281 860
309 528
497 720
900 897
956 151
53 229
693 698
468 602
70 459
25 250
998 55
780 894
842 515
516 832
499 220
255 946
138 920
116 401
585 355
295 208
722 188
261 448
906 951
634 784
637 79
655 528
342 277
841 602
938 484
955 462
439 593
812 461
228 132
660 105
57 20
760 725
321 415
564 461
471 721
76 167
69 954
765 717
379 126
878 20
806 273
610 654
654 736
406 899
887 222
592 40
599 330
492 326
207 733
706 12
673 445
640 674
323 643
673 302
217 154
660 540
458 212
179 743
908 446
624 875
520 54
517 44
944 866
799 684
335 781
955 70
349 143
442 531
926 736
504 840
710 136
733 297
295 850
792 985
499 719
718 285
213 529
969 403
932 225
145 721
563 483
974 139
319 569
69 50
586 108
275 847
274 774
793 782
775 746
888 396
694 289
253 806
842 325
625 851
793 959
376 207
230 222
214 691
710 852
92 27
20 872
21 17
480 381
83 611
547 121
620 609
989 436
497 990
723 280
300 447
673 563
621 797
395 341
474 454
77 171
635 641
319 242
402 762
593 149
96 427
996 214
834 665
690 853
108 918
968 847
328 750
592 843
185 107
612 262
480 953
764 201
391 583
765 352
996 52
462 1000
601 604
412 197
735 489
536 817
243 957
427 384
248 529
895 663
164 757
937 307
574 952
612 203
631 185
265 334
798 544
605 798
161 685
588 76
290 779
847 961
407 160
930 731
809 922
717 513
260 838
982 687
105 937
344 239
92 917
199 851
862 145
455 741
222 240
116 507
852 143
730 402
636 550
917 981
165 848
993 311
830 578
118 976
46 173
670 939
92 699
899 71
178 186
939 838
616 729
931 886
666 698
993 17
97 68
461 731
387 648
175 617
178 319
951 408
862 749
149 910
810 840
905 980
417 462
438 100
650 564
758 573
997 731
45 190
449 861
447 766
751 428
935 533
24 391
237 937
327 997
882 412
117 232
850 958
860 363
368 873
241 509
772 920
285 386
214 296
531 598
180 360
617 251
380 119
128 370
656 576
318 421
967 968
345 329
829 551
246 667
750 27
186 599
242 338
298 192
852 751
691 683
138 617
159 414
750 138
721 384
839 432
717 596
619 586
691 329
13 845
623 606
516 100
615 542
669 642
878 520
683 618
368 664
822 783
19 674
3 105
645 680
905 645
780 279
193 619
925 858
819 459
892 787
382 865
763 550
88 494
724 786
741 951
118 474
802 541
322 979
624 383
292 815
158 816
883 331
996 682
101 266
999 289
927 4
819 903
508 284
806 991
453 397
456 191
366 934
314 197
461 946
63 962
267 249
451 100
555 618
167 864
741 331
968 169
987 199
453 687
42 730
189 665
484 75
780 520
660 86
683 351
99 660
280 282
621 519
489 612
592 787
20 356
591 751
228 646
677 646
463 345
829 587
276 957
833 392
543 537
234 835
683 138
705 886
651 616
319 718
86 207
415 783
364 933
471 899
844 415
437 543
995 29
423 540
216 212
252 530
326 361
784 141
759 221
748 850
126 714
339 583
41 120
317 219
364 949
429 463
554 806
295 984
921 601
795 48
64 38
961 808
726 744
992 962
352 353
300 513
597 885
322 789
732 540
328 458
880 791
679 883
684 927
649 676
358 94
535 94
201 45
994 377
810 881
81 519
317 671
174 248
432 503
396 274
624 411
992 159
650 637
211 373
638 140
289 707
607 755
441 504
642 888
647 233
650 351
86 589
987 178
131 381
733 938
347 19
699 230
884 298
261 463
926 51
506 944
845 129
535 650
169 561
846 789
467 948
252 114
697 235
401 486
748 866
939 98
462 909
711 510
432 736
198 727
271 169
994 558
571 827
228 330
359 928
696 924
704 541
536 837
240 73
946 540
838 534
86 235
325 609
979 661
130 625
238 918
960 640
562 588
943 313
138 688
437 996
739 60
598 225
691 385
840 965
322 548
771 377
717 749
810 273
577 33
364 318
844 752
409 329
136 655
446 940
286 641
378 878
144 783
221 500
95 463
193 595
50 252
532 932
862 359
865 193
865 459
304 383
987 722
399 832
970 780
821 694
136 892
176 825
106 54
880 529
55 19
883 402
920 392
871 205
459 451
346 488
127 685
129 6
370 466
262 218
357 168
690 908
642 860
705 133
572 669
846 36
685 922
524 280
102 884
655 710
189 848
283 299
262 4
413 104
418 286
224 593
668 738
225 776
851 556
526 704
983 59
170 254
650 36
377 978
564 418
87 343
588 280
56 249
21 581
460 107
280 449
580 857
502 810
229 930
213 301
565 56
454 585
865 982
407 477
968 701
199 159
181 688
256 745
866 504
863 552
905 172
356 394
18 111
577 228
743 691
720 293
514 719
408 621
933 151
953 147
741 149
723 703
479 349
890 212
433 445
967 440
131 513
437 873
757 111
307 83
715 765
359 392
581 822
365 759
131 67
867 333
939 808
965 824
567 532
535 506
918 486
477 78
164 768
338 276
32 635
767 125
589 845
336 960
689 831
639 55
948 808
715 623
969 87
754 971
392 910
814 913
780 33
619 459
361 495
750 787
793 922
791 419
371 130
797 930
727 545
304 121
395 402
15 997
716 822
348 146
793 11
243 124
297 948
712 981
868 728
171 376
798 167
659 543
920 49
473 192
64 871
775 748
182 656
986 318
492 715
402 735
594 331
958 952
48 299
176 496
128 371
517 999
337 835
351 451
713 696
248 992
975 792
851 806
527 419
15 127
327 441
563 307
42 59
341 109
17 367
694 547
388 466
487 661
553 734
471 879
19 342
723 746
208 621
624 805
622 816
243 660
4 145
188 470
304 763
639 407
394 929
269 51
643 378
683 194
723 968
338 470
434 965
520 862
117 74
770 794
398 715
662 788
573 199
278 45
409 178
783 732
883 556
719 210
723 151
617 632
10 534
136 933
176 882
488 548
1 377
799 939
184 945
494 519
374 996
286 266
418 898
515 368
206 221
232 440
323 771
695 107
845 954
104 691
152 191
533 129
529 749
954 18
332 930
310 26
157 265
86 657
186 363
858 345
342 382
489 730
638 205
920 956
695 559
406 778
206 520
962 186
433 631
259 628
984 833
877 958
143 398
94 440
494 502
497 434
550 90
445 178
639 708
288 115
701 481
722 902
761 590
907 850
883 117
822 90
464 995
504 592
636 905
902 457
506 162
986 616
18 966
717 272
661 912
983 251
688 978
620 405
322 624
130 319
689 532
806 656
639 280
553 396
245 25
484 626
671 541
972 450
625 587
37 301
476 195
573 235
207 93
905 817
647 64
303 622
35 196
720 972
371 348
707 237
749 891
400 854
891 844
702 991
921 148
705 462
101 476
873 371
882 574
674 510
574 7
944 482
232 404
215 309
254 773
718 148
42 925
958 647
830 743
558 965
876 800
769 122
974 429
78 230
764 961
63 221
773 419
363 16
152 403
461 183
669 370
981 576
582 737
604 809
608 300
147 152
191 99
376 736
214 192
510 815
994 956
392 224
214 51
734 938
420 726
627 278
93 130
942 823
869 381
66 122
394 549
56 60
311 796
669 950
583 848
285 909
640 676
861 686
661 722
316 869
677 701
235 895
680 512
769 881
938 856
443 618
575 653
28 192
178 213
195 817
724 496
316 75
870 927
781 143
396 243
198 35
258 15
277 592
795 31
102 463
25 296
412 581
605 508
532 822
990 174
41 885
973 932
80 797
727 841
636 738
318 836
415 439
273 410
799 349
306 290
254 500
890 521
239 497
266 559
847 389
45 88
429 313
382 238
935 627
183 206
615 203
29 740
250 857
823 926
868 549
560 254
210 315
599 695
432 833
777 252
898 56
148 5
65 673
154 658
319 252
214 258
876 411
287 594
57 453
354 641
981 612
51 739
515 247
553 805
555 339
173 637
427 228
232 76
968 960
199 376
424 638
423 880
378 627
545 74
13 756
394 630
217 937
40 686
710 829
425 340
997 428
213 413
313 495
759 102
178 919
434 365
891 903
140 479
724 844
640 575
271 467
351 769
537 175
999 917
506 218
736 819
882 593
740 631
317 439
302 174
236 470
934 915
593 690
352 699
122 849
524 667
710 234
188 128
10 736
391 285
943 784
27 691
50 880
866 654
651 454
84 695
33 931
1 141
6 926
633 587
357 890
713 146
551 758
917 504
33 653
875 642
34 190
254 861
935 740
81 249
427 917
245 902
557 18
11 210
985 931
982 314
93 626
242 908
884 355
650 487
573 953
372 686
998 430
980 941
109 838
566 162
860 395
789 641
920 976
557 485
371 622
858 100
327 299
535 774
337 723
484 774
527 418
990 520
69 525
526 878
412 90
144 728
751 689
953 205
316 958
152 903
695 227
445 30
35 798
92 853
493 754
631 12
248 715
937 17
969 730
112 10
259 471
295 209
952 908
37 214
97 688
282 143
750 748
40 85
595 185
689 632
382 871
426 365
296 910
633 939
214 940
710 97
107 444
127 945
258 470
975 71
500 101
395 211
801 948
431 924
849 540
331 773
72 584
512 620
675 488
439 316
306 637
179 761
589 594
475 350
836 189
732 126
606 579
8 874
392 649
580 186
341 746
323 915
196 163
860 218
453 540
772 852
404 48
725 852
617 955
120 381
928 698
570 99
140 255
517 568
427 14
926 100
124 460
363 908
20 247
975 985
651 831
708 804
769 680
879 189
39 10
521 287
405 684
427 300
755 170
484 939
56 178
592 932
132 271
705 731
961 369
907 631
640 298
894 997
934 396
496 152
281 912
378 148
530 377
325 651
750 164
802 977
4 80
80 502
23 201
751 570
633 523
631 16
714 972
224 258
374 490
31 607
605 614
786 448
572 337
683 584
408 646
103 881
14 730
463 81
28 562
969 500
788 792
914 559
990 834
795 833
940 563
412 768
162 623
733 484
456 400
572 38
331 848
336 288
852 278
729 581
288 909
73 489
261 666
862 317
337 300
635 852
747 345
140 777
513 289
396 739
558 467
7 59
300 71
249 537
322 95
381 44
680 445
335 591
102 846
180 524
556 976
920 251
209 20
154 703
215 26
767 729
755 1
369 334
901 765
902 78
446 218
671 263
629 649
958 881
352 112
907 693
336 917
56 223
38 787
310 596
60 831
406 791
997 294
835 151
20 489
839 754
612 67
621 267
694 633
769 598
311 799
994 671
591 995
616 149
670 502
584 627
397 338
207 591
556 638
320 353
467 498
830 101
344 103
622 894
716 199
40 864
430 341
201 691
18 811
537 809
494 860
44 815
616 450
924 267
32 883
178 52
880 166
93 135
900 691
748 485
624 219
760 491
957 687
487 480
509 296
72 254
280 762
689 866
373 457
874 174
486 216
180 851
658 671
124 632
936 773
422 816
922 216
101 511
980 470
615 216
609 420
628 448
276 477
558 495
338 306
669 420
413 102
368 991
661 464
370 5
43 233
467 997
285 44
893 183
91 229
357 362
843 735
946 732
412 192
548 852
734 903
821 549
310 675
132 199
764 426
431 469
894 829
43 693
83 896
1000 336
584 623
87 548
164 583
496 472
828 569
616 256
322 407
325 980
36 665
308 678
661 65
153 611
905 396
675 802
98 33
300 677
482 832
853 447
529 409
967 331
329 243
2 315
94 921
793 604
10 798
361 546
970 76
499 684
939 955
36 818
653 73
68 447
583 264
362 156
3 300
373 316
33 817
899 358
813 404
961 673
46 509
343 325
755 701
992 89
701 575
832 690
29 598
746 984
928 328
287 898
348 364
99 782
494 971
396 570
917 104
224 785
557 177
478 906
751 303
157 291
124 314
551 983
257 373
632 253
831 295
906 74
176 355
195 1
748 90
7 950
687 903
416 321
384 751
872 458
213 350
324 601
996 43
815 625
433 787
488 322
17 732
792 442
316 968
155 330
284 110
653 981
313 522
77 609
13 431
339 518
961 935
880 290
558 687
425 81
479 290
448 414
935 418
947 101
438 805
125 605
926 916
501 56
670 891
886 262
978 516
540 259
951 731
274 939
265 88
794 146
760 487
909 195
823 285
575 161
184 964
828 501
334 378
374 587
614 542
896 605
804 126
953 668
404 876
371 243
244 99
120 49
118 588
508 424
440 952
280 929
690 724
528 135
547 165
723 207
55 458
210 369
798 374
414 127
362 692
181 272
909 811
370 363
388 606
225 596
561 210
711 864
825 805
850 816
697 395
500 585
989 667
261 138
200 532
21 522
25 719
47 526
622 150
947 744
511 637
954 596
151 572
725 663
7 696
925 469
341 158
895 731
397 732
865 796
501 472
514 915
361 792
570 535
422 192
151 770
265 651
622 867
382 708
27 541
133 388
83 553
128 927
286 910
517 302
795 132
230 539
324 201
527 837
549 925
202 294
808 281
348 754
974 682
994 60
666 147
959 750
380 107
197 499
148 713
169 338
478 484
283 758
433 165
966 73
89 523
326 808
878 773
628 600
521 73
11 704
943 971
316 835
582 359
130 581
667 797
444 402
324 168
291 33
645 846
542 554
611 750
803 90
605 90
625 772
813 86
719 982
990 802
609 264
96 165
760 908
499 160
195 187
430 694
183 394
637 75
163 533
988 795
295 93
543 331
410 853
855 101
15 354
461 929
534 336
890 648
281 672
581 533
492 412
428 174
754 90
773 212
721 291
130 649
262 603
321 189
14 200
416 87
492 322
790 889
792 766
834 117
798 712
285 907
804 909
273 963
75 123
717 904
646 396
598 117
527 187
273 92
990 995
937 245
243 942
815 252
953 284
14 405
296 154
732 733
469 417
588 665
248 482
468 239
109 523
227 576
999 166
909 186
628 700
828 462
763 739
718 828
650 909
390 640
671 785
84 669
366 515
572 954
663 365
393 525
446 914
327 876
145 896
862 535
684 307
723 431
875 664
896 291
384 119
277 613
543 9
690 955
987 147
436 651
941 818
292 727
116 947
119 492
55 560
769 501
974 318
155 978
855 9
656 577
703 868
125 812
255 845
346 43
897 425
350 595
68 832
975 912
467 853
656 976
38 828
494 338
186 515
946 733
584 690
751 814
505 423
412 277
431 468
472 795
588 249
994 672
781 638
437 596
791 677
236 50
799 433
356 747
431 155
537 772
640 698
652 467
264 404
709 526
17 204
197 459
790 304
741 782
30 372
634 446
455 939
854 585
455 916
828 466
975 109
425 577
796 624
357 902
943 899
983 694
468 481
220 130
679 901
196 696
745 485
173 116
372 877
129 502
202 516
497 668
131 512
116 66
462 114
637 672
999 313
15 998
917 6
647 157
617 844
745 263
275 510
737 379
484 204
211 524
984 780
73 531
934 321
975 598
355 633
944 138
980 824
565 726
827 413
129 946
403 207
538 542
392 348
74 802
272 934
113 776
275 9
367 887
65 941
750 862
449 270
17 578
644 505
439 178
298 61
842 221
915 70
30 574
995 148
698 870
778 754
411 999
69 783
605 973
470 326
199 124
848 882
86 278
783 244
861 660
837 11
700 534
740 311
703 397
246 40
359 715
584 795
126 722
36 702
824 16
939 619
576 310
565 477
913 84
753 789
518 941
84 17
221 392
399 547
904 736
942 408
853 707
107 33
255 249
112 377
302 457
991 565
408 586
563 978
140 1
864 339
467 448
176 885
784 116
20 718
797 786
600 508
693 673
474 745
52 878
387 902
135 28
237 694
456 163
468 916
338 722
964 27
730 662
87 738
183 417
243 202
560 184
617 953
197 517
149 354
78 312
390 148
608 259
792 74
25 605
707 89
955 706
845 507
574 651
1000 124
673 74
32 318
929 32
635 482
937 621
84 356
26 788
636 55
801 238
260 837
221 951
437 746
494 501
596 677
50 746
427 460
217 16
551 399
757 662
830 194
687 703
748 152
207 538
887 388
2 585
259 53
779 826
743 581
544 133
446 549
654 206
801 554
586 256
255 447
535 345
97 821
408 648
815 57
356 818
628 232
239 651
724 5
111 591
253 571
843 401
137 706
699 821
83 100
269 71
496 318
370 712
975 37
690 407
641 761
475 271
556 492
168 437
187 115
429 466
819 630
694 358
589 628
20 849
827 67
172 116
229 357
656 297
491 694
314 229
450 485
214 394
361 198
607 925
96 277
722 185
120 411
233 924
17 863
750 667
220 654
115 352
69 199
176 300
77 996
704 882
464 503
945 632
638 735
270 341
346 967
328 582
682 893
226 529
7 526
13 909
177 807
845 368
706 150
318 240
952 10
881 420
131 431
522 804
544 340
119 302
933 878
716 114
313 577
425 31
285 571
749 502
861 732
402 377
403 560
79 515
316 215
977 747
619 534
250 95
857 941
201 689
516 56
121 222
701 228
118 94
361 955
468 515
948 387
731 821
360 598
30 270
222 168
773 568
852 231
447 781
585 996
107 88
973 171
255 32
211 3
290 660
197 103
589 933
26 113
947 491
469 883
755 877
844 801
295 687
192 408
885 228
736 197
497 759
158 780
825 529
779 448
267 180
785 695
915 512
788 370
914 981
333 171
760 937
614 4
345 549
452 271
849 728
560 64
689 300
29 771
160 606
507 265
234 451
238 395
612 700
439 688
100 488
844 847
56 782
642 749
481 775
190 249
67 142
345 368
492 385
686 845
412 194
587 724
859 363
976 461
483 47
670 321
378 347
290 917
644 292
807 856
406 531
523 609
283 196
356 438
397 283
199 40
626 276
477 646
61 967
118 152
155 398
781 462
549 882
786 100
571 774
532 512
570 703
661 868
494 655
334 928
631 986
902 662
395 748
268 374
877 310
625 165
202 254
700 337
999 760
683 517
210 549
771 486
655 65
170 995
10 796
83 318
283 256
239 707
594 590
338 272
861 228
984 721
469 791
698 963
127 509
334 399
301 190
448 542
332 724
22 376
225 364
906 835
395 406
966 707
756 19
908 26
560 782
958 713
893 902
646 860
833 891
651 163
634 853
727 240
983 475
659 257
398 343
453 1000
972 840
280 434
579 54
726 315
503 118
674 222
240 406
437 356
475 721
350 991
78 622
744 6
82 917
798 871
394 617
531 936
500 669
702 131
316 970
812 583
942 882
377 716
806 173
184 172
368 441
26 723
864 147
762 729
891 55
688 774
38 394
576 621
9 656
23 418
256 791
649 832
778 932
58 962
939 763
28 442
156 743
732 646
305 697
951 676
537 912
98 434
602 962
254 337
291 809
537 513
439 481
874 450
413 710
32 667
609 151
516 421
455 891
150 239
634 229
844 726
434 690
420 353
196 392
508 426
605 116
552 352
58 489
276 288
44 196
444 750
966 559
456 164
975 279
559 980
216 976
432 189
548 347
785 895
381 246
578 898
440 351
82 309
508 255
659 433
73 526
681 847
229 219
360 62
954 880
778 34
555 256
950 748
792 250
560 374
190 177
673 73
602 209
929 39
693 6
345 168
588 348
34 756
536 878
277 900
169 779
986 850
367 729
373 668
853 162
873 700
964 781
108 415
164 409
91 747
294 780
307 435
308 664
899 855
203 322
773 690
62 395
778 856
3 59
421 360
486 838
82 225
18 740
683 730
188 212
207 168
10 724
581 411
710 49
112 358
867 534
211 26
999 13
527 287
310 354
240 570
261 886
558 244
815 590
535 127
551 328
580 507
145 643
269 616
898 376
650 713
335 987
873 256
466 854
504 349
471 171
385 196
538 770
759 820
483 745
48 58
33 330
197 599
242 832
404 471
336 261
82 281
910 985
354 761
320 777
232 197
195 475
638 315
128 384
293 586
846 798
684 141
940 295
826 618
176 444
267 599
911 166
15 413
915 163
717 211
637 555
834 849
835 152
963 879
255 905
809 629
437 758
889 860
985 340
531 992
159 995
199 182
146 62
772 286
164 707
344 507
52 948
703 207
277 777
497 291
246 486
255 380
368 80
282 800
787 921
936 317
494 867
317 250
155 195
283 438
489 113
363 100
138 328
184 561
351 975
279 162
222 712
361 587
396 126
288 607
614 254
829 240
285 925
69 171
642 277
734 151
227 979
219 579
681 698
849 712
956 356
447 627
569 975
779 426
676 123
783 897
419 146
771 841
3 467
576 319
667 616
997 673
979 938
873 339
49 145
619 299
767 779
755 851
148 291
332 512
668 938
542 919
814 856
873 508
121 519
193 914
983 867
286 209
953 436
629 935
105 27
893 82
106 356
289 972
492 845
474 448
312 411
202 851
719 714
426 367
432 980
272 813
294 771
498 77
872 322
411 590
267 994
459 378
351 312
375 166
912 952
401 453
418 509
664 509
691 548
478 1
911 43
387 680
591 851
710 529
687 983
692 442
344 296
496 163
994 702
631 183
133 312
136 20
265 546
752 500
728 381
857 31
839 91
326 426
308 673
728 236
531 331
880 487
74 418
408 534
510 540
482 863
908 935
303 863
198 3
634 791
476 353
713 474
631 763
446 845
865 375
495 564
374 755
889 757
628 658
918 106
684 46
173 225
746 805
174 202
395 171
639 50
676 8
309 545
629 232
809 107
304 239
804 212
988 153
457 967
166 937
138 198
633 350
337 361
176 937
237 306
822 272
698 802
441 315
973 487
708 415
910 887
185 830
77 248
304 621
220 595
7 141
279 872
758 123
896 176
402 585
885 367
640 97
539 953
149 445
815 796
228 90
122 709
217 751
74 800
995 698
979 41
815 653
308 65
829 545
761 859
136 210
9 36
854 476
51 481
678 408
882 941
994 723
151 906
373 625
579 855
798 759
574 94
977 528
178 951
105 877
624 715
752 272
990 814
188 380
528 897
503 437
356 192
757 978
724 269
305 649
838 381
434 111
166 446
652 497
230 717
70 26
827 637
645 548
249 941
680 76
13 442
715 288
933 377
940 587
885 922
279 347
547 507
412 824
356 138
277 374
996 882
707 737
215 462
987 529
451 524
663 294
335 849
504 467
858 750
654 735
864 435
370 388
176 85
504 322
380 749
953 387
359 488
535 168
248 243
521 720
891 225
846 557
582 623
911 431
180 731
141 875
272 742
77 109
337 405
959 403
889 691
767 694
56 856
671 824
945 594
456 448
659 284
705 558
156 354
731 383
181 977
664 309
514 101
209 488
319 871
324 975
165 333
575 438
265 319
125 677
381 795
722 825
174 612
981 92
319 581
912 573
291 459
796 71
859 578
360 665
276 381
587 74
164 289
936 322
476 523
496 457
403 903
443 690
995 993
83 667
155 230
433 504
306 70
827 552
874 517
468 214
605 403
753 640
421 760
169 343
781 72
50 210
452 706
326 815
516 267
244 172
465 585
322 926
254 477
239 619
686 46
409 2
961 765
780 23
361 281
841 7
433 747
633 165
372 191
966 486
529 930
694 356
914 860
296 539
944 487
909 599
792 937
788 344
443 461
980 668
592 568
522 287
382 763
584 44
12 557
861 380
826 233
369 322
901 761
102 684
696 725
197 648
823 708
475 890
811 132
495 375
781 996
873 835
102 575
485 397
772 761
424 903
427 268
502 704
583 553
623 216
806 264
511 530
583 702
932 764
514 963
473 111
207 730
321 35
199 70
551 429
468 616
425 29
868 311
669 802
799 887
428 912
86 348
311 569
983 228
977 745
857 947
580 206
273 226
540 160
874 726
451 827
947 94
749 278
3 22
88 46
1000 820
31 972
13 113
452 663
850 510
871 404
196 668
162 540
951 284
2 117
741 888
903 409
154 168
13 339
125 146
698 557
590 631
607 575
410 321
339 349
158 739
732 796
460 726
342 691
704 404
816 254
124 675
332 912
633 419
119 632
910 779
492 103
594 462
483 405
11 314
323 252
811 851
404 347
945 521
877 718
414 852
219 300
419 702
939 55
958 785
280 344
748 165
686 736
124 103
788 176
919 670
850 537
542 483
907 546
108 691
769 517
610 685
402 38
263 791
714 735
15 150
825 286
38 29
403 368
77 633
904 139
192 749
610 52
752 501
576 515
540 998
431 55
406 371
687 998
374 423
507 79
933 98
681 217
75 838
406 482
924 363
502 283
146 283
617 730
307 283
444 128
317 910
440 4
537 555
535 496
314 756
741 968
10 749
796 988
466 475
639 172
72 958
235 154
236 753
370 703
887 946
121 343
893 561
571 309
738 478
496 989
478 733
488 605
548 67
201 376
992 93
314 953
704 321
797 956
214 726
570 374
750 104
519 339
353 518
816 154
84 834
965 503
513 158
626 513
177 673
894 310
59 709
902 123
480 638
190 441
229 157
836 395
195 5
567 357
955 527
100 398
848 440
702 423
685 555
635 896
494 365
616 51
826 526
657 631
285 814
267 751
142 969
753 206
668 273
981 982
48 926
635 985
925 609
539 484
795 926
682 484
800 103
485 921
572 475
310 439
313 744
922 646
904 901
689 657
340 23
985 222
94 478
255 388
517 327
810 467
380 495
981 909
453 495
32 959
197 283
895 244
416 606
970 29
83 476
156 528
18 529
2 138
810 757
316 366
559 402
583 488
987 739
606 640
758 618
176 872
345 864
633 136
427 697
270 913
850 78
276 290
225 398
23 567
818 413
512 528
289 681
626 722
2 718
99 814
595 181
357 174
68 83
396 986
238 359
205 422
557 145
426 405
872 765
929 362
893 25
489 307
701 340
930 716
111 76
613 138
64 857
868 529
589 145
882 157
609 563
792 77
223 407
122 742
588 463
332 13
260 306
243 410
137 9
602 223
623 199
882 127
705 734
498 884
502 788
822 908
658 300
252 331
18 143
57 851
576 685
833 306
373 745
443 646
969 978
164 564
274 436
721 485
770 692
798 170
852 1000
692 145
924 364
231 287
411 147
322 586
738 66
666 743
279 152
162 902
678 326
572 221
476 298
59 498
791 61
648 309
890 965
193 584
641 988
757 883
420 417
810 745
650 770
923 282
612 574
864 370
607 175
519 612
704 235
911 403
528 57
659 618
182 286
521 896
349 359
831 679
957 616
919 227
335 820
563 721
585 9
950 752
658 711
510 266
611 765
150 491
263 72
471 165
917 59
633 390
928 876
659 748
151 112
612 564
261 456
160 565
39 199
760 878
92 755
894 729
18 446
315 980
689 588
872 503
356 576
983 413
534 905
788 843
405 715
635 840
439 752
670 217
731 477
809 635
147 124
632 646
501 535
742 767
553 638
863 345
351 117
868 161
472 178
861 680
971 168
518 703
48 821
141 240
951 859
386 913
244 717
463 877
658 69
735 945
445 291
586 291
677 72
2 336
757 826
44 699
655 92
348 833
188 250
857 551
728 991
726 638
784 913
896 763
651 697
788 825
895 59
847 478
81 715
300 883
67 904
656 219
89 916
475 511
681 696
861 427
296 730
480 23
922 178
12 142
126 331
310 431
478 881
272 240
963 467
853 843
509 5
335 208
983 893
654 775
626 538
309 286
868 547
337 45
171 898
15 684
396 994
340 698
171 418
102 766
910 955
417 102
347 229
205 255
721 272
869 40
888 813
859 78
290 351
367 863
425 444
378 388
12 816
161 490
772 734
226 560
422 74
299 292
254 37
303 436
569 70
886 583
962 111
752 615
273 786
807 853
41 270
424 642
647 940
796 490
364 864
532 412
812 892
670 614
96 120
87 656
805 453
290 882
184 497
919 349
481 305
373 963
75 889
114 929
79 657
226 231
840 887
681 105
519 889
97 882
226 342
762 132
122 295
984 438
235 12
524 461
861 880
538 277
23 223
942 499
780 506
328 265
130 3
944 755
175 625
932 412
22 396
315 114
962 971
619 448
676 921
698 945
989 206
332 727
594 254
991 768
462 118
128 792
893 786
90 545
876 576
988 10
771 564
3 606
429 642
742 25
500 860
936 516
556 213
861 719
546 351
819 849
72 458
399 353
366 236
774 183
486 316
194 805
148 240
986 313
750 342
254 545
384 885
591 610
977 74
1 814
447 186
697 187
788 230
888 189
801 85
521 374
115 34
173 955
468 649
267 750
694 651
436 670
646 302
5 446
299 657
467 595
764 459
202 1000
285 990
472 251
513 635
290 948
928 649
294 882
192 714
670 563
911 815
476 690
503 589
207 514
321 923
587 416
829 483
98 111
575 707
889 328
429 917
697 593
19 573
916 821
187 687
930 985
964 82
40 91
213 608
58 547
535 23
205 912
741 814
525 93
908 171
582 22
822 545
490 54
590 573
942 126
376 49
528 478
650 577
614 278
63 532
139 204
529 964
515 377
789 378
428 38
305 309
270 769
475 197
149 140
686 349
720 378
161 162
251 634
462 754
881 999
20 927
612 529
828 566
82 208
262 52
963 201
195 83
509 754
881 624
842 758
627 116
129 865
367 177
579 505
851 636
693 353
416 499
15 277
366 123
518 148
299 78
449 381
756 566
320 718
947 539
688 778
686 904
545 116
817 751
13 566
803 940
330 650
493 942
902 928
891 103
873 528
88 888
159 921
645 66
294 944
479 508
687 699
672 224
843 73
57 556
791 745
919 276
818 649
550 80
623 634
188 497
927 374
572 367
330 78
832 132
563 20
212 110
226 592
677 36
222 835
369 701
255 985
335 96
598 633
176 567
417 819
917 646
130 88
923 285
505 318
641 588
420 305
318 892
266 923
943 583
288 899
220 70
506 260
439 228
859 697
440 601
640 304
336 730
193 907
231 727
489 12
268 814
715 778
884 131
462 172
206 947
941 452
603 301
909 678
332 392
635 764
158 65
380 977
471 394
368 258
544 736
160 933
398 355
772 596
403 11
521 428
918 702
707 57
376 743
52 226
713 744
237 218
953 89
475 749
294 355
495 953
449 458
470 416
660 848
807 35
384 603
601 980
407 433
134 395
263 813
692 417
489 874
912 857
938 33
388 2
762 685
156 102
564 155
313 581
26 534
619 637
692 199
969 606
640 554
544 54
89 211
196 873
22 933
151 3
979 386
523 948
149 558
795 20
231 166
932 155
472 170
438 964
844 639
810 571
225 9
214 730
457 206
844 974
898 368
585 470
120 912
124 872
120 161
785 504
304 910
59 255
372 110
837 36
783 898
533 987
935 923
901 775
7 388
525 327
78 43
950 163
873 481
784 350
417 283
918 905
463 979
798 179
693 391
50 651
141 800
328 825
416 817
974 400
423 442
279 950
552 1000
475 811
663 812
635 521
601 649
877 716
414 858
275 496
371 667
984 172
553 959
845 447
294 143
321 227
692 278
659 199
312 986
891 190
892 237
860 883
535 985
627 616
42 222
152 946
69 679
288 178
986 777
606 470
971 87
407 187
133 668
434 247
290 883
903 827
961 206
544 82
602 712
910 129
625 345
37 59
494 770
778 799
356 701
951 604
115 676
667 13
740 973
908 817
529 44
692 616
532 977
974 534
645 606
3 881
634 443
581 336
656 169
219 563
974 897
560 597
995 614
814 46
196 257
235 301
688 913
755 530
192 504
653 656
896 486
201 382
425 892
957 943
707 548
689 17
263 2
430 529
127 585
520 133
164 712
423 376
154 991
449 965
195 233
721 785
327 621
661 125
61 816
163 613
816 841
671 453
553 778
953 32
406 870
557 478
158 443
933 639
440 60
367 995
725 765
63 506
873 938
640 325
830 645
419 954
557 640
389 798
601 816
817 851
415 786
272 941
167 409
464 608
799 952
636 782
564 83
16 478
53 466
536 564
41 506
799 841
196 786
71 210
308 640
681 476
761 404
524 592
155 596
122 102
909 394
765 816
144 780
771 441
807 559
574 270
84 30
670 893
86 972
629 262
114 853
813 703
101 893
429 182
487 64
183 843
918 410
852 394
102 281
49 355
231 127
767 25
605 174
686 17
134 509
267 389
221 214
252 568
796 704
429 489
549 392
440 958
277 85
600 624
819 910
310 7
167 650
851 289
425 257
440 782
105 582
849 320
133 647
465 191
565 644
270 544
987 222
772 994
534 641
21 306
391 736
530 684
72 374
972 793
169 732
856 770
160 777
124 58
4 682
498 227
455 881
941 931
191 196
123 242
584 352
752 706
551 164
481 956
333 691
687 612
119 102
618 579
967 820
388 47
597 343
673 431
311 673
740 321
748 820
696 231
961 670
75 34
296 277
995 917
374 114
856 493
486 536
628 785
98 112
425 960
523 907
470 756
640 877
454 85
27 933
672 318
31 981
839 834
806 200
456 697
771 34
573 114
316 413
465 573
769 226
199 560
679 874
791 172
31 779
540 956
235 356
328 322
476 74
849 736
135 857
305 118
35 93
509 142
1 349
811 684
709 5
267 62
875 805
953 563
1 206
111 799
662 133
654 809
149 175
298 555
116 822
297 22
157 372
569 620
162 42
224 735
996 341
733 457
397 822
414 236
916 118
258 872
560 40
501 834
337 993
428 440
157 150
234 635
589 179
38 955
919 774
828 825
173 726
907 682
604 976
588 493
850 560
787 855
952 416
660 849
316 543
735 117
826 552
96 965
668 347
743 817
890 487
292 330
104 432
657 974
678 366
398 220
78 988
61 958
796 55
161 520
113 279
204 536
308 632
862 163
477 863
631 866
45 635
118 83
155 199
981 351
657 121
454 433
700 313
928 714
577 418
796 836
176 581
49 713
897 571
37 376
772 782
13 254
261 948
387 265
524 894
619 184
306 331
899 482
893 554
897 709
898 54
331 281
31 124
289 629
733 114
914 812
257 215
186 247
629 129
349 988
713 254
608 900
36 405
850 65
903 201
82 471
429 322
233 65
824 732
927 900
21 392
392 584
101 218
671 194
604 231
162 78
846 92
885 762
926 20
147 335
332 881
314 484
902 45
711 695
252 56
552 888
424 983
170 231
977 253
81 448
119 264
459 605
34 854
901 508
482 416
906 258
157 302
963 847
656 869
802 889
548 851
717 836
848 253
721 257
557 667
433 889
839 305
848 140
591 972
880 246
640 664
164 590
290 769
679 281
739 242
596 585
106 701
17 420
368 112
331 324
153 612
854 335
355 330
191 720
183 576
256 959
368 613
540 135
728 159
895 221
700 477
880 249
315 150
867 453
124 798
54 753
92 316
366 711
942 96
947 458
20 560
686 101
852 341
29 329
685 211
319 469
653 437
528 657
430 534
785 517
993 890
25 184
871 889
251 592
323 959
803 489
181 261
607 835
849 347
530 822
140 558
56 977
661 124
76 428
405 958
755 254
376 73
781 984
621 537
90 99
506 366
285 186
252 435
471 659
824 71
612 435
613 966
464 323
25 105
553 555
864 676
647 637
83 820
851 926
449 34
702 962
548 966
296 427
460 358
545 840
456 6
558 694
170 287
790 517
814 399
905 465
139 693
675 967
472 394
112 145
265 963
749 731
594 668
667 232
80 846
762 166
672 642
71 384
58 545
886 271
173 176
391 377
49 354
725 479
966 732
935 892
420 287
362 10
412 448
700 182
134 698
550 976
292 928
543 169
486 362
859 716
91 358
93 652
132 812
348 376
927 159
141 790
847 940
772 860
955 334
998 352
877 625
171 721
38 525
111 73
863 12
949 149
788 21
402 824
538 636
189 512
171 125
211 780
61 582
29 232
782 478
582 924
367 518
423 816
715 118
816 596
636 77
674 878
750 61
218 338
401 274
365 225
57 848
612 38
151 938
298 170
616 161
465 106
666 849
938 986
435 245
247 882
929 757
507 993
496 126
909 64
929 529
856 494
17 108
473 930
517 279
297 140
829 29
36 749
815 86
675 995
412 715
628 897
663 130
520 148
79 843
619 281
725 325
40 57
495 763
101 656
283 719
732 534
383 342
538 331
121 154
996 899
244 168
260 693
266 566
849 514
951 421
864 373
85 690
98 693
941 143
559 288
597 605
339 325
415 248
163 19
134 1
789 997
803 67
197 816
422 927
673 849
903 228
392 734
528 218
802 793
968 17
732 90
698 230
631 774
681 908
441 375
868 522
656 702
451 74
215 189
419 424
920 81
556 159
261 309
484 130
216 800
972 687
845 183
369 326
811 875
996 293
246 908
318 265
393 982
986 511
695 405
916 486
350 638
834 827
835 14
450 48
312 81
170 147
298 108
302 876
29 204
602 190
86 7
368 280
563 936
502 887
947 742
530 450
163 733
406 521
999 650
378 176
216 267
125 989
420 957
232 969
655 891
260 198
388 403
265 680
319 613
11 506
514 737
291 680
47 673
601 9
529 292
469 313
383 135
238 766
614 769
751 932
108 158
329 223
828 231
724 691
334 616
279 185
467 73
106 907
997 281
532 831
350 889
330 243
370 772
540 322
463 61
698 582
400 909
990 294
499 329
233 405
71 729
310 307
101 406
227 807
374 906
694 469
586 226
19 33
646 584
171 616
548 186
572 800
149 81
868 607
499 20
343 415
608 116
584 253
343 12
920 223
206 828
299 234
542 186
358 587
215 54
702 572
512 104
181 115
552 889
534 569
745 291
868 915
81 455
247 502
599 29
596 773
384 930
404 237
160 161
743 90
754 121
94 494
789 598
635 198
655 61
90 337
902 951
692 54
401 107
169 215
636 859
397 988
855 571
899 773
95 230
44 884
596 441
479 327
139 648
554 853
807 517
991 312
403 963
61 163
924 359
140 310
371 131
421 299
425 680
330 279
918 508
903 616
733 150
305 979
487 431
130 30
701 853
779 695
1 363
20 561
274 865
224 906
181 398
297 640
357 135
452 36
556 434
224 971
261 730
395 438
7 490
345 873
812 219
633 466
985 825
802 833
859 784
253 33
551 638
399 509
717 338
370 383
269 150
803 377
931 268
823 874
759 616
376 579
142 512
931 413
256 131
96 578
337 219
217 754
660 52
169 631
77 934
259 384
704 944
688 277
832 462
892 45
820 818
986 38
260 489
246 662
359 909
678 771
237 49
755 396
28 195
460 272
483 113
553 699
679 175
928 49
126 842
786 51
491 315
352 899
977 676
160 282
142 158
936 316
539 262
559 203
563 140
377 417
654 245
948 466
420 171
973 769
44 751
563 61
247 572
415 336
36 923
365 721
849 984
166 514
275 295
887 588
528 307
732 563
300 935
338 238
12 115
361 663
567 995
126 145
807 331
3 368
900 514
816 461
652 163
836 896
50 583
783 450
903 370
945 56
103 272
894 229
785 599
86 743
22 286
813 1
279 677
391 943
358 422
953 390
217 482
650 686
671 244
567 423
988 920
178 25
686 467
319 174
905 624
15 737
567 468
384 933
938 500
333 510
635 578
686 578
618 284
67 46
125 892
50 105
402 825
720 324
882 155
502 590
985 672
158 266
472 525
769 679
60 812
133 968
595 757
264 825
618 574
973 272
646 382
580 844
686 911
205 83
234 589
522 779
247 220
839 504
18 26
200 841
958 414
565 280
812 839
815 224
840 980
952 962
995 996
245 205
279 335
567 688
623 756
169 457
260 912
980 7
653 935
526 399
140 254
912 367
913 954
861 772
149 632
904 643
525 237
356 904
586 493
542 430
183 937
295 819
188 833
874 304
430 770
331 843
45 985
490 184
435 729
112 634
665 244
249 695
12 373
569 912
417 387
664 956
556 378
866 574
233 107
125 77
662 266
613 456
171 301
814 689
357 10
183 386
24 57
979 611
284 635
871 529
640 195
3 323
824 153
725 992
698 968
581 652
108 934
109 379
38 953
93 44
955 587
759 705
348 65
898 908
489 589
919 881
959 144
504 410
124 207
95 862
652 995
894 782
184 251
319 682
964 728
236 945
805 348
957 596
882 833
369 786
521 109
375 284
13 825
477 515
643 414
682 440
518 578
407 1
635 392
946 373
486 570
516 39
458 43
675 415
653 890
455 650
991 340
463 143
486 868
415 296
953 913
880 223
865 647
405 258
485 740
781 103
53 972
2 78
701 816
371 405
957 678
637 946
619 75
624 291
842 230
148 459
404 957
496 950
228 665
447 633
236 936
370 630
461 781
617 719
67 682
315 221
396 696
73 285
614 172
965 327
764 537
34 380
241 636
719 803
29 875
376 953
863 852
779 167
176 368
621 930
162 191
881 573
660 17
593 18
665 701
850 643
13 665
752 701
180 446
954 677
829 535
722 585
319 853
450 900
33 148
677 579
199 259
129 761
846 542
189 297
959 773
982 110
126 988
666 871
422 177
719 769
613 642
598 62
907 775
456 823
364 992
471 860
700 522
520 480
580 951
635 39
174 673
191 589
583 959
86 381
680 742
498 749
192 896
924 497
505 191
827 742
465 857
688 916
302 180
196 991
17 196
148 794
444 157
362 370
469 574
219 647
491 154
40 498
885 70
995 538
580 756
837 227
9 548
331 642
79 32
908 18
656 59
857 590
473 972
510 100
184 928
429 386
582 200
16 809
269 601
976 695
645 910
79 326
465 438
31 483
859 738
833 963
417 942
486 479
90 988
200 180
402 560
385 262
579 368
290 768
323 78
807 416
862 789
132 616
116 927
815 889
195 8
696 547
458 890
424 806
812 393
427 173
11 426
171 160
32 298
360 231
52 165
19 20
637 772
350 966
812 687
321 204
303 340
285 809
566 474
481 518
45 825
122 784
808 633
19 242
136 54
818 526
838 597
752 278
550 217
866 258
61 996
482 27
433 581
804 604
877 130
770 604
700 669
730 151
734 785
409 492
175 221
70 909
790 394
222 216
633 855
830 923
190 570
925 957
714 176
824 275
130 449
938 568
300 529
466 297
601 354
471 752
421 607
689 967
616 801
415 113
278 939
262 492
390 689
637 634
720 874
239 450
443 217
323 450
143 65
658 732
93 793
999 36
999 341
638 508
608 78
555 713
686 8
267 245
286 19
458 956
992 348
404 58
208 331
814 517
836 69
547 906
233 352
632 290
854 673
410 838
72 377
769 309
110 145
302 999
437 464
55 897
276 978
189 399
171 140
65 897
416 213
803 963
735 388
403 465
332 409
960 914
479 218
669 54
13 562
829 688
556 648
743 782
122 820
458 338
9 804
411 72
412 295
195 945
288 253
255 321
661 820
139 834
602 284
783 321
2 470
349 320
294 662
334 995
481 381
874 764
411 150
50 490
398 912
862 85
19 605
258 255
870 576
1000 990
729 256
162 899
314 710
729 433
328 502
866 874
480 145
478 636
887 960
54 703
732 135
555 902
130 199
203 991
89 812
609 37
188 928
484 479
270 886
625 819
662 152
258 722
922 381
580 369
413 886
489 496
705 931
805 640
220 352
276 434
177 659
965 458
682 688
348 476
388 970
669 327
691 819
626 804
54 261
458 690
403 15
648 120
116 582
946 863
926 217
787 373
626 183
347 442
68 84
223 263
761 2
857 505
712 468
384 607
136 144
46 958
618 930
782 299
360 846
937 450
96 984
8 426
597 360
85 68
108 363
843 920
934 49
141 827
385 980
198 380
757 995
539 336
903 979
134 824
709 896
420 157
611 98
294 653
467 218
842 677
515 872
171 440
645 469
294 525
111 24
317 868
1000 826
505 508
883 51
810 551
663 945
429 251
767 77
589 861
754 840
205 596
520 912
276 232
274 891
392 926
118 530
858 817
201 326
846 278
496 774
776 856
157 563
802 968
881 833
9 633
220 469
759 864
86 522
837 322
343 409
492 821
73 749
92 159
776 950
220 608
393 790
508 207
681 895
794 518
546 167
733 563
830 583
169 648
223 581
171 54
191 59
998 441
9 121
440 437
497 132
692 355
105 463
124 125
911 131
489 552
560 482
630 691
402 799
65 841
601 943
518 113
643 846
75 304
597 411
963 705
855 983
252 648
421 149
995 240
36 572
678 967
471 863
165 144
60 426
816 129
152 805
839 80
718 931
554 192
977 719
355 335
340 249
912 394
195 790
568 348
826 924
294 734
335 262
869 858
709 757
231 369
629 302
500 374
546 946
909 68
469 573
662 772
244 883
840 602
788 986
789 399
809 321
171 247
460 999
837 115
710 899
684 746
979 990
27 573
504 446
152 670
368 869
866 628
79 321
690 294
694 294
200 38
509 36
662 320
668 901
18 350
944 421
241 543
760 973
180 52
404 406
299 200
375 893
824 473
107 823
632 648
629 678
320 840
105 282
967 558
808 973
904 480
152 325
47 636
604 923
830 461
133 99
282 687
156 132
907 580
178 588
656 836
34 744
53 316
114 301
440 175
721 354
351 59
78 737
658 341
52 964
294 905
26 731
423 623
411 111
412 476
143 348
75 58
937 171
633 628
26 586
902 731
100 607
341 339
142 156
843 49
737 534
703 226
187 565
982 708
306 93
721 627
201 881
391 118
173 395
329 586
362 452
658 793
930 978
168 21
117 94
772 460
306 522
224 284
979 156
988 82
638 419
486 956
179 548
124 940
16 833
771 889
210 69
173 79
28 886
474 766
664 930
665 143
765 18
228 545
64 514
339 392
15 973
879 258
930 656
883 199
828 672
902 319
558 301
944 65
266 85
430 672
552 646
827 284
989 349
794 719
655 514
472 35
545 788
4 519
918 663
759 767
82 591
925 137
217 716
422 539
254 721
661 383
864 613
459 315
242 137
6 332
372 772
907 531
256 399
905 54
851 974
87 384
256 574
761 745
543 925
89 36
937 374
523 673
429 722
356 630
70 716
45 347
218 627
792 702
425 955
961 25
875 447
565 407
718 923
990 924
867 211
316 187
796 205
523 911
212 4
50 491
421 423
684 878
352 655
44 717
559 94
126 465
761 150
926 838
174 43
31 870
549 229
183 939
75 610
188 835
739 475
279 372
301 476
47 477
32 703
841 191
562 567
40 346
330 70
569 805
328 213
185 556
520 234
404 778
82 92
881 525
983 544
789 153
97 377
707 992
40 133
784 375
489 503
306 743
551 691
276 435
957 836
30 230
633 778
327 928
160 927
445 693
318 701
659 611
641 188
811 876
663 775
635 608
797 305
376 637
368 573
955 589
958 892
650 53
601 545
950 704
539 791
425 475
155 750
986 755
177 862
734 918
257 900
373 213
972 110
956 619
726 69
530 336
624 699
809 799
666 944
98 206
482 81
730 315
235 875
570 672
455 358
973 741
633 556
47 104
291 222
801 604
41 71
155 219
396 231
696 485
71 295
104 674
558 975
748 73
642 378
933 425
1000 294
594 611
637 991
726 624
527 577
287 236
605 353
969 444
370 658
297 536
335 240
687 271
836 587
124 869
714 427
75 671
480 45
638 330
710 823
159 55
306 425
715 975
210 13
908 334
413 936
171 921
858 899
148 299
777 669
794 357
244 476
926 382
655 676
305 368
343 408
471 71
410 262
522 427
922 449
689 458
820 660
379 492
711 450
854 639
896 91
842 779
402 748
367 244
579 436
726 421
472 600
983 610
551 778
879 137
596 913
815 753
356 202
484 903
365 920
699 620
815 614
52 114
436 209
990 536
367 571
761 816
99 441
100 838
583 667
472 229
750 248
276 745
761 673
99 6
426 733
566 542
388 20
539 398
758 310
743 776
191 591
654 109
71 229
537 865
536 588
521 8
963 495
986 564
515 822
981 383
527 903
469 587
587 152
277 632
193 409
658 837
515 980
532 990
314 767
614 514
706 113
780 496
249 930
348 978
974 906
278 909
110 526
196 270
382 275
935 805
257 134
666 106
663 651
138 274
304 118
624 762
2 741
244 304
538 834
869 148
120 365
401 750
493 384
438 259
844 284
147 367
370 92
99 614
775 273
816 846
156 487
578 712
282 981
518 460
223 350
502 771
360 888
638 623
447 977
700 970
313 422
699 195
389 793
835 489
69 757
804 888
359 620
51 135
568 27
952 186
809 855
459 858
339 640
69 535
964 929
326 398
848 906
961 173
247 904
938 626
622 684
936 509
458 97
701 35
739 496
278 220
246 192
743 639
167 803
44 633
925 812
107 27
552 188
435 544
308 850
705 450
452 532
54 721
495 961
462 186
687 455
218 658
642 68
571 342
862 699
941 56
603 569
897 946
185 896
594 220
137 997
53 830
626 717
589 471
127 616
609 505
558 306
541 574
752 438
372 496
584 56
134 244
195 486
87 204
750 372
147 139
898 721
946 953
734 808
425 510
899 124
586 418
691 612
96 830
759 397
83 980
561 740
194 455
857 189
293 401
173 699
853 169
411 74
491 280
678 12
40 880
937 134
97 609
758 382
761 458
977 645
905 352
677 204
952 965
887 271
726 651
287 469
658 235
308 528
684 879
973 802
117 384
745 879
373 54
581 497
598 433
356 804
250 291
412 630
573 254
934 983
421 436
154 45
653 107
84 942
14 593
698 686
311 145
439 476
116 383
300 902
942 45
505 704
896 645
515 189
455 854
370 766
991 928
996 798
244 219
746 869
619 497
214 823
270 965
474 544
537 262
286 433
295 530
742 505
223 828
370 416
870 29
48 614
638 9
343 503
626 753
441 379
211 609
621 810
441 228
337 75
108 786
517 512
828 839
134 208
998 403
109 376
915 829
546 733
225 879
708 780
721 143
226 551
863 373
800 762
854 429
512 174
34 702
221 864
845 358
649 459
703 152
891 168
982 65
90 377
678 846
471 964
38 233
332 270
62 227
193 112
199 62
23 268
425 372
229 739
435 92
352 590
388 302
763 176
857 955
291 573
952 993
516 34
297 236
904 836
796 210
389 644
231 335
378 769
986 704
183 744
349 128
574 459
79 811
679 125
359 491
424 361
277 468
888 701
999 219
526 281
490 505
446 340
495 904
410 294
927 287
45 157
572 990
75 670
353 784
581 152
230 126
430 908
740 380
624 437
383 596
480 413
686 189
889 823
327 865
720 707
3 594
153 410
713 370
306 648
759 787
499 137
372 441
660 318
94 918
850 860
63 153
54 372
534 578
629 704
502 538
489 669
591 157
897 422
683 916
261 55
32 257
324 617
983 808
938 237
133 13
9 55
233 529
803 925
237 73
388 819
911 673
185 342
192 630
816 528
584 524
696 70
532 308
554 428
8 72
618 791
431 78
131 258
114 617
502 239
243 205
967 25
41 17
486 549
748 136
108 111
606 250
368 196
166 395
840 894
991 693
369 750
796 933
546 944
283 282
69 229
325 139
681 483
790 207
287 646
120 835
178 351
488 968
993 34
945 135
374 635
811 753
875 962
912 72
724 805
887 827
926 697
822 382
864 416
828 715
558 420
46 376
395 384
163 188
957 794
508 382
196 570
937 930
495 96
160 517
54 161
777 922
480 630
171 877
689 326
319 7
160 628
488 1
324 687
426 219
310 988
288 364
823 262
574 666
744 225
483 151
946 869
218 200
735 429
368 725
55 815
170 87
961 352
924 876
172 521
844 583
338 343
414 602
299 662
643 573
915 448
916 623
701 495
134 740
285 584
825 435
937 169
296 319
762 862
986 614
250 420
293 222
960 373
528 521
302 356
359 333
752 247
630 880
771 447
373 81
486 848
171 151
992 861
135 589
373 194
525 197
856 164
710 195
753 320
541 891
589 867
187 499
831 826
690 486
139 372
158 656
400 856
40 271
444 625
680 5
589 194
283 291
343 466
698 207
770 336
917 47
181 356
418 118
662 477
86 60
692 349
858 440
200 290
720 425
315 595
101 110
727 174
271 900
440 820
784 99
816 875
910 741
214 182
237 239
608 397
185 428
976 97
996 108
636 475
998 726
310 756
95 870
152 722
906 455
360 853
622 13
489 887
94 426
713 972
761 751
597 337
708 606
88 895
53 399
666 858
373 866
863 326
378 8
808 487
169 19
758 383
504 606
322 467
490 593
347 908
723 517
356 854
98 509
546 905
328 14
508 796
311 355
258 109
671 515
362 329
932 253
428 60
666 385
146 816
117 161
637 938
158 877
559 303
230 83
196 327
345 907
399 738
845 622
249 422
335 828
214 679
197 827
755 833
422 912
160 433
617 851
780 878
915 753
885 184
533 19
148 119
501 987
245 833
385 202
169 657
518 620
150 700
7 861
375 807
727 178
626 803
882 185
4 741
388 836
100 78
894 592
398 277
310 545
941 897
708 924
15 20
973 304
652 927
246 722
47 935
564 243
465 127
346 748
165 360
943 444
351 125
812 513
218 538
587 259
826 677
277 799
264 134
194 347
583 983
930 711
140 440
268 325
328 231
754 530
558 610
170 611
317 240
355 421
622 613
580 58
884 532
848 738
382 857
225 2
26 213
463 56
301 429
742 164
430 179
857 709
641 560
14 562
550 672
348 968
818 232
286 402
966 304
861 6
316 117
438 249
40 312
461 696
888 412
427 616
245 737
984 623
757 326
278 705
487 757
988 62
914 953
257 622
974 249
723 443
926 380
837 335
440 747
560 236
205 198
870 393
345 562
487 987
682 659
419 587
379 351
859 41
128 482
989 678
806 575
603 44
218 828
260 355
657 753
431 762
323 261
622 235
34 848
473 432
401 435
110 63
388 207
122 905
368 313
845 265
313 392
941 886
393 288
94 354
648 810
482 384
705 611
484 630
17 269
753 59
695 952
829 358
563 262
251 306
865 562
810 341
317 163
505 67
499 643
972 449
97 793
79 665
117 470
541 628
527 897
948 618
804 475
404 648
611 784
562 468
504 884
191 956
931 665
552 194
291 822
718 755
596 11
245 419
301 401
561 573
914 616
446 9
741 899
170 776
222 572
923 587
103 277
339 256
957 705
215 429
182 222
241 818
775 847
577 972
500 821
819 955
803 30
141 667
660 509
36 439
923 873
836 222
638 70
340 781
159 331
931 162
755 934
862 910
349 585
392 618
980 733
595 384
197 533
188 826
489 530
760 831
263 430
90 250
938 428
447 162
12 893
716 745
418 420
919 836
117 852
180 414
240 385
185 256
631 335
449 395
125 550
950 569
556 672
373 540
318 183
377 729
51 280
367 276
986 837
296 401
434 627
955 962
878 416
303 182
570 759
739 20
80 407
668 8
743 708
196 793
643 474
934 207
345 113
776 249
541 423
235 962
179 779
880 140
109 291
98 329
923 152
946 27
840 746
685 510
5 796
67 955
943 826
927 321
213 729
641 632
774 700
228 718
852 256
675 265
755 868
385 68
719 961
666 255
91 360
542 586
135 16
667 358
908 272
489 24
16 920
497 517
940 897
392 695
889 607
271 10
456 886
837 680
752 908
418 230
313 4
242 930
289 874
217 672
197 666
54 317
774 350
81 497
30 314
506 801
753 391
381 606
402 837
152 867
850 583
796 84
32 330
233 607
789 536
332 405
433 810
875 437
972 69
131 447
591 797
778 666
891 127
324 832
613 710
138 652
515 594
753 963
695 992
518 603
633 533
540 39
777 339
981 211
322 464
814 757
497 901
829 31
631 919
136 308
469 400
397 147
236 509
443 829
856 18
984 455
658 888
880 168
18 731
499 706
120 781
563 909
378 717
420 426
944 548
799 366
267 329
931 830
714 434
382 28
478 755
282 262
799 255
913 616
699 443
838 431
560 995
135 231
581 51
874 207
953 564
131 124
568 514
139 113
733 777
21 125
578 842
558 332
250 967
179 773
256 34
22 824
115 511
635 756
581 742
547 938
824 549
401 692
189 717
225 764
856 886
837 541
224 426
384 821
498 175
726 271
284 278
780 691
124 85
864 516
937 686
150 927
872 15
1000 68
213 281
986 27
473 452
455 172
293 337
80 162
356 311
88 685
450 812
325 704
752 628
661 626
352 866
99 495
523 265
999 640
433 679
431 436
960 656
317 45
801 480
674 622
288 285
17 433
290 871
221 689
294 807
858 168
905 386
834 360
801 593
786 391
292 332
630 134
62 594
100 737
527 940
876 2
383 18
476 400
645 465
683 674
745 841
843 472
239 691
75 946
600 164
885 109
44 579
130 52
684 627
645 755
560 673
499 335
435 651
617 545
597 635
728 710
68 487
179 654
881 837
37 677
205 259
171 767
826 23
446 328
470 937
626 531
457 562
426 451
119 626
692 646
836 10
546 163
820 518
574 621
264 664
216 134
508 560
163 734
402 890
975 871
321 330
817 589
787 405
735 293
372 122
368 349
617 296
377 595
48 541
947 603
986 255
52 5
751 829
476 897
630 550
995 359
282 710
626 441
294 97
649 118
632 794
139 928
781 625
52 915
400 404
645 130
196 806
378 65
514 735
640 526
1 816
977 707
190 688
249 212
620 445
164 299
826 920
369 531
196 964
322 651
895 218
715 416
158 771
457 432
790 338
334 590
689 589
49 750
784 871
509 508
625 435
961 572
537 561
169 173
496 745
405 289
779 604
687 191
429 315
635 97
529 181
213 708
641 531
805 768
989 35
477 207
598 729
710 903
841 116
770 40
537 339
758 915
509 79
129 449
721 623
206 209
478 858
137 974
135 47
823 66
333 242
240 461
599 763
266 189
271 652
276 118
519 474
579 375
516 855
659 559
812 503
831 341
579 260
797 325
622 426
493 270
133 411
212 842
964 345
180 488
199 444
223 840
829 965
460 40
834 893
686 778
265 46
78 69
414 969
55 809
95 780
976 22
522 910
273 868
809 698
161 962
498 985
228 306
668 800
602 483
753 936
22 680
795 872
19 542
796 455
746 445
946 468
952 189
128 291
395 695
161 969
970 289
790 540
757 935
739 100
726 866
732 747
824 904
878 537
278 211
918 619
724 391
982 587
586 352
274 522
959 341
466 290
857 659
362 718
170 858
361 665
268 195
595 97
706 858
824 957
584 126
770 447
275 519
866 532
979 879
625 923
756 123
150 436
798 352
684 240
216 988
289 784
306 846
897 81
740 558
409 623
466 904
379 425
347 183
222 882
391 728
786 570
96 612
782 692
485 931
688 344
997 162
893 369
472 531
344 823
789 694
665 632
977 830
9 252
670 235
394 430
858 75
307 963
750 85
492 317
865 957
468 694
109 68
636 187
949 338
595 552
298 292
322 446
507 998
443 606
351 825
223 848
688 883
874 854
196 894
748 835
360 644
74 414
655 770
796 201
464 866
305 674
427 193
108 177
623 754
700 301
41 248
313 899
329 936
245 120
743 457
885 46
692 953
397 227
855 129
353 47
410 94
451 614
197 118
658 904
36 52
634 507
461 224
123 882
457 170
793 768
408 290
852 293
90 716
785 420
733 102
435 735
898 221
367 280
172 474
335 830
263 45
121 390
200 19
932 300
156 197
742 79
674 405
620 623
677 599
794 700
478 957
119 617
120 313
963 287
704 144
881 954
275 257
202 803
422 624
974 445
319 200
211 979
772 974
510 637
375 801
271 922
354 348
647 271
741 112
925 105
817 544
416 135
949 99
111 328
596 1000
868 117
209 432
159 838
530 315
389 205
228 379
138 591
322 224
568 248
108 721
987 582
218 305
189 368
167 303
448 310
817 915
30 576
910 800
110 49
420 932
403 718
427 680
239 509
104 455
634 704
931 69
661 851
153 656
386 505
212 437
221 289
4 345
710 885
709 540
148 780
645 464
153 946
375 359
70 89
398 736
809 223
150 65
788 963
435 541
273 394
268 139
771 804
696 921
408 318
607 722
71 871
628 416
96 113
171 609
262 312
245 656
466 159
374 828
603 610
363 342
987 451
381 80
127 604
521 827
314 27
488 778
767 908
695 163
822 450
2 652
741 289
318 754
618 444
506 882
358 755
675 143
79 496
557 207
940 217
742 853
245 803
820 519
362 513
21 97
110 227
6 494
134 179
411 602
376 669
251 795
323 374
821 411
128 376
276 800
809 914
912 948
14 479
125 943
626 212
567 95
487 376
939 177
668 401
172 544
263 763
536 771
739 796
812 592
982 96
422 171
284 136
473 193
492 43
350 153
530 108
378 78
341 442
2 488
921 710
278 325
408 799
565 459
951 550
718 983
38 325
645 419
169 506
80 715
500 460
619 894
861 981
830 624
779 974
83 461
835 986
509 772
865 131
151 284
248 379
123 845
89 589
491 801
644 643
757 6
885 241
300 841
620 770
875 37
490 107
887 820
157 609
62 634
750 800
37 759
429 269
547 182
694 315
474 662
663 756
499 249
64 938
432 142
925 241
34 206
968 779
57 279
438 404
441 176
522 331
9 404
686 446
873 85
488 245
152 499
955 427
663 986
902 118
214 318
252 229
418 307
65 526
746 399
968 925
401 524
305 861
80 77
365 694
969 310
651 737
685 749
523 555
526 894
484 645
344 272
734 765
652 816
249 405
382 870
285 581
75 49
83 538
445 415
349 103
984 459
101 898
961 161
781 374
802 654
752 234
403 996
499 635
26 361
28 399
247 565
644 833
630 126
499 744
562 502
287 275
218 988
438 901
311 137
538 383
496 534
685 508
136 967
983 763
774 690
598 762
512 973
822 686
550 633
58 267
77 477
939 991
685 158
173 74
177 399
505 522
894 236
404 226
941 69
980 541
802 781
909 551
345 846
127 532
384 158
376 904
106 273
82 907
718 56
668 789
115 381
161 221
987 41
439 606
27 473
910 633
452 475
453 814
593 314
132 473
703 898
6 438
100 85
816 878
638 685
437 474
475 667
172 601
985 730
470 402
623 200
717 179
332 407
530 470
235 612
180 227
493 932
829 714
669 929
763 74
856 728
798 735
142 35
623 430
769 971
42 159
977 616
454 160
881 148
867 763
293 110
131 351
443 593
631 992
367 504
96 115
400 364
329 346
803 891
792 818
409 466
377 70
529 449
433 500
291 400
387 958
259 176
888 566
226 165
83 276
301 309
818 993
196 541
213 921
786 323
607 297
297 406
727 948
219 709
550 699
183 934
849 846
614 462
425 634
338 205
470 573
320 310
332 537
148 574
663 489
614 345
301 823
77 560
672 900
310 478
44 165
461 866
996 977
163 232
1 197
475 138
774 440
263 189
672 874
880 709
440 722
650 333
979 763
768 784
16 533
16 910
811 978
775 183
462 342
945 648
251 641
570 659
683 284
464 86
526 762
764 833
621 584
432 948
272 845
627 459
428 190
224 566
211 816
730 960
217 819
237 208
55 995
740 185
544 644
381 721
330 581
501 540
877 913
489 848
401 246
240 346
937 452
331 117
354 206
411 957
13 929
929 824
61 949
208 663
961 79
464 545
598 132
835 562
189 807
969 580
825 488
294 805
668 114
134 818
528 965
411 219
363 194
236 76
883 955
342 576
956 821
5 559
173 445
890 49
598 358
896 936
804 737
786 276
25 993
69 423
581 465
800 408
505 390
633 898
227 625
581 354
726 629
914 515
230 483
802 736
440 801
42 731
149 903
249 184
978 481
483 965
780 47
513 492
608 814
715 962
646 576
538 73
129 835
343 294
774 420
189 924
183 334
519 496
465 109
138 93
603 259
932 551
536 328
440 349
383 775
846 165
538 666
522 295
675 638
761 213
280 309
100 414
726 446
177 52
216 691
569 369
321 328
414 979
147 52
423 867
6 265
959 189
488 342
803 897
627 709
795 529
902 983
1000 102
981 387
143 465
578 50
616 225
669 873
993 442
843 954
844 465
133 444
1000 751
436 102
947 1000
929 693
199 943
112 31
792 763
904 917
712 394
108 107
18 895
681 197
4 318
98 49
763 449
325 230
342 716
36 879
454 394
420 14
509 610
331 605
183 956
746 628
567 197
797 123
404 634
558 863
460 121
837 236
430 210
641 529
144 87
578 308
352 426
63 660
465 653
118 705
671 853
529 836
40 279
949 708
583 549
914 777
871 227
585 462
970 560
940 920
997 857
492 791
418 110
366 776
167 873
152 62
158 116
31 270
396 953
660 222
958 991
775 255
246 861
542 158
466 565
103 680
940 904
349 872
907 668
747 861
34 768
881 675
453 986
276 965
7 567
32 289
584 334
893 476
801 140
795 760
39 486
30 718
722 548
203 147
122 936
468 668
161 380
824 172
695 763
57 835
994 740
422 69
652 930
800 917
449 57
765 627
807 882
792 569
756 874
709 800
601 175
412 474
271 401
611 450
813 770
585 739
217 295
38 279
829 504
148 336
598 319
340 27
123 669
880 48
773 721
118 912
286 700
291 838
867 780
559 49
852 45
871 323
491 895
364 391
776 425
746 763
451 541
123 872
126 153
272 248
71 520
3 376
577 643
562 217
840 459
831 695
297 740
45 126
799 149
729 745
932 266
943 650
883 205
976 537
374 858
401 828
473 795
616 369
543 438
897 192
874 797
535 746
669 380
262 946
284 670
290 299
185 71
440 728
685 754
74 841
825 23
937 717
709 935
332 1
707 471
502 753
48 584
206 899
455 197
937 606
549 585
632 741
912 667
855 522
201 565
218 637
222 413
919 297
960 294
498 733
905 363
395 725
970 323
445 275
343 872
308 541
662 740
77 314
370 902
900 313
637 836
931 709
532 812
349 40
244 770
631 694
905 726
947 367
135 962
193 757
432 267
451 505
36 133
718 601
365 975
520 586
755 48
83 226
193 870
325 353
110 649
918 158
48 202
358 491
822 314
1 196
96 198
740 771
227 725
774 977
291 271
208 469
186 59
354 937
820 209
979 762
326 70
125 54
898 620
495 420
245 83
580 30
394 159
306 963
458 810
997 115
191 12
103 752
859 126
650 63
47 589
216 583
531 784
218 29
760 600
134 503
835 134
123 168
640 360
223 157
388 102
62 21
172 717
252 64
41 558
507 166
293 303
648 818
612 195
351 121
852 562
924 199
339 609
393 409
423 228
661 736
117 9
158 270
908 595
985 64
677 282
865 554
791 774
261 645
781 300
31 669
123 724
232 71
861 606
292 335
165 967
58 225
64 230
134 306
249 174
359 401
914 350
525 45
352 673
294 516
56 245
144 221
988 502
770 801
188 142
582 58
178 436
457 251
398 455
541 831
11 796
162 640
514 173
755 515
59 8
645 769
444 582
227 814
46 502
672 929
638 332
569 843
490 132
385 16
684 652
443 262
429 295
90 593
841 959
385 129
868 576
689 115
784 329
659 679
93 715
67 432
711 907
747 594
931 283
401 772
989 561
116 899
172 877
779 223
666 719
507 262
347 241
459 411
480 990
925 218
466 737
682 945
20 184
820 129
764 213
686 948
694 699
329 725
772 337
55 887
190 970
765 622
237 469
995 249
352 63
47 820
319 563
56 467
256 875
518 663
743 732
299 591
429 532
444 519
431 58
53 628
330 939
498 741
338 590
249 217
123 752
20 681
598 387
52 547
914 322
292 498
754 645
648 362
192 166
714 23
897 541
354 229
759 3
23 211
905 750
46 48
785 320
201 9
900 535
465 652
616 860
982 895
897 831
456 473
277 213
466 238
753 879
384 261
673 641
448 668
343 453
897 985
19 349
667 755
487 618
200 188
589 446
21 434
315 733
134 115
557 15
581 810
603 366
659 560
642 958
592 765
771 734
495 476
797 322
413 89
731 194
548 564
648 654
276 855
589 483
233 726
661 356
154 695
105 428
952 499
401 403
448 502
668 503
879 356
657 774
959 801
925 369
216 349
87 618
215 529
62 188
468 883
537 839
728 295
636 880
213 161
148 992
476 565
661 905
890 7
122 109
467 965
268 283
169 468
279 139
688 936
526 440
949 790
951 693
60 26
939 889
572 189
402 699
442 342
282 447
865 30
758 835
227 793
125 350
895 430
382 119
699 403
349 278
79 189
219 822
182 190
441 496
336 746
970 243
357 140
931 245
201 400
2 707
120 288
484 257
803 399
72 387
144 152
37 971
665 434
10 89
973 84
24 85
45 449
747 683
414 782
668 565
595 527
7 901
581 544
342 508
18 478
971 460
994 935
977 819
601 639
160 883
68 516
454 629
437 329
20 487
613 992
337 557
782 343
969 844
142 950
768 481
950 537
77 675
583 857
472 163
324 844
118 160
246 405
672 252
446 763
998 900
749 2
640 602
952 860
971 8
150 822
586 489
986 583
496 455
453 30
743 629
434 5
805 18
662 962
412 963
106 925
198 69
643 216
514 311
83 391
410 93
486 960
982 160
454 354
662 967
170 829
250 527
69 73
804 60
366 645
292 232
888 389
119 983
10 569
671 812
672 902
324 153
42 854
561 434
210 32
858 724
879 702
880 616
607 751
422 917
194 556
822 426
58 15
370 301
483 897
690 632
881 959
699 778
703 706
940 240
814 553
798 210
671 352
380 997
508 18
788 76
985 365
444 422
765 502
47 913
501 760
682 877
648 981
151 738
155 743
891 305
838 856
512 164
471 621
735 480
310 725
874 152
341 65
624 547
165 275
169 848
721 419
834 66
873 760
801 267
658 404
127 449
626 480
865 696
347 705
886 790
798 584
344 121
678 34
620 897
740 767
908 547
725 286
910 177
839 245
166 353
136 724
464 833
280 895
734 100
130 494
351 572
309 828
978 127
22 147
741 793
690 73
49 343
802 655
951 274
409 127
493 810
455 816
672 930
68 363
784 172
740 381
126 33
861 434
55 127
556 448
168 385
22 364
907 182
31 502
694 338
805 731
572 826
776 815
481 492
689 114
177 294
608 14
680 395
613 275
262 89
605 681
345 565
56 960
555 422
313 650
977 456
262 1000
102 747
893 212
752 968
396 870
206 693
929 158
642 765
76 353
423 140
744 139
707 1
835 212
308 124
935 49
702 260
133 119
734 629
761 825
137 221
90 295
952 54
438 718
661 658
756 784
672 181
200 906
1000 721
378 77
348 613
701 167
204 961
156 892
909 410
268 358
325 851
437 837
279 102
91 45
134 943
946 225
965 643
178 119
701 905
942 397
853 318
891 615
343 896
625 439
53 902
297 492
905 749
486 904
201 8
292 209
519 530
408 494
767 378
823 184
809 474
205 705
940 884
244 25
417 804
429 505
812 480
254 150
846 378
52 432
585 460
883 243
258 658
538 554
681 290
251 621
627 246
371 791
441 181
828 551
357 73
872 336
875 516
953 338
293 977
586 757
560 28
427 23
580 87
546 195
159 596
806 529
717 426
81 392
246 962
581 587
747 863
273 574
117 863
43 84
686 782
911 239
200 633
351 402
616 33
137 104
601 915
838 928
325 755
825 219
207 755
942 898
636 15
307 137
569 222
200 855
131 471
192 711
503 277
490 980
52 883
376 388
207 529
585 737
621 227
191 217
238 717
687 904
49 556
726 870
625 369
804 470
302 811
938 670
244 953
26 995
891 658
286 674
199 540
439 320
956 110
259 230
316 397
926 850
129 608
933 362
187 408
760 454
904 608
240 526
480 125
188 806
651 390
689 847
274 974
675 268
768 634
962 144
624 293
185 536
827 217
186 195
723 24
172 498
598 674
249 673
642 206
607 650
132 896
519 276
335 983
11 5
837 369
491 701
228 952
279 812
525 532
271 748
941 356
449 558
447 495
251 742
677 974
414 252
16 699
295 171
65 638
854 702
803 748
437 438
78 440
184 927
474 173
517 823
170 162
449 505
553 995
200 661
38 885
294 195
80 187
722 518
32 446
793 986
26 660
905 143
320 505
598 12
655 127
752 476
511 845
214 685
204 811
862 646
528 845
212 302
657 879
987 441
700 715
956 701
739 55
188 279
30 778
715 14
455 25
387 123
575 746
852 877
448 123
689 252
841 500
783 505
786 303
168 106
973 987
80 662
653 989
1000 967
537 636
666 280
282 97
96 59
533 744
36 48
588 581
992 838
304 376
280 946
366 650
974 965
650 903
379 781
253 812
483 827
10 393
375 317
548 137
421 813
138 469
374 839
50 521
689 77
2 676
132 779
632 105
621 803
162 62
436 641
533 29
882 465
229 118
437 25
954 949
114 182
738 988
834 671
854 730
432 951
713 522
716 735
651 734
777 805
925 101
656 998
436 86
717 195
518 508
778 345
51 441
640 362
720 122
517 188
384 552
901 29
613 771
959 235
786 847
164 719
732 511
518 286
406 516
616 136
377 660
387 39
621 393
749 84
587 313
213 862
792 627
188 324
735 82
446 660
138 685
527 149
895 975
398 859
808 94
429 959
749 374
87 883
278 300
649 904
123 583
487 222
324 284
164 131
139 583
545 728
163 333
322 589
888 708
286 517
377 325
499 338
631 517
871 26
430 804
970 825
866 758
940 657
945 237
304 243
992 64
276 377
684 654
45 68
102 63
818 452
747 310
859 656
162 352
976 596
594 159
431 844
819 978
659 681
586 971
92 144
699 184
96 339
567 353
563 18
615 324
980 711
530 966
642 984
661 108
989 527
19 673
928 757
780 622
584 119
622 403
842 819
617 241
284 704
482 698
15 336
56 799
275 511
540 561
668 638
775 442
194 245
825 77
920 887
759 300
928 322
364 820
223 243
804 844
312 854
596 750
728 478
156 95
928 32
472 156
130 574
460 453
209 707
732 538
251 456
742 903
919 339
14 327
911 767
113 440
925 943
804 256
405 455
933 484
862 26
455 608
49 737
145 705
550 375
724 78
733 392
95 827
296 789
819 739
272 302
365 917
224 87
858 794
625 865
45 168
563 791
548 193
503 6
971 998
127 636
104 651
875 630
876 709
570 488
418 109
57 283
632 161
64 989
48 498
506 914
140 546
15 662
912 808
788 406
682 625
954 408
519 102
815 959
613 232
336 76
431 567
372 117
605 944
764 251
270 226
199 328
78 639
616 34
851 829
659 238
751 860
702 176
43 885
372 975
907 972
753 72
825 331
420 617
203 107
578 21
652 812
65 78
47 202
291 668
222 420
995 100
834 314
636 882
866 139
44 851
80 540
800 229
31 599
553 467
771 420
957 900
810 450
653 952
13 89
329 156
511 236
738 32
159 909
499 748
80 826
562 498
11 632
382 155
554 606
496 522
351 644
746 742
874 307
876 357
89 941
1 467
111 552
420 259
828 384
693 782
606 789
3 394
180 998
87 704
419 346
633 266
45 140
818 396
224 849
689 441
585 376
493 459
257 309
77 140
102 916
689 266
878 734
508 8
368 955
719 658
498 50
941 756
873 198
410 844
108 949
436 972
137 898
313 127
388 879
405 599
898 856
846 898
522 988
265 77
223 186
725 676
648 714
247 32
263 831
54 12
142 948
894 793
754 180
99 505
190 896
228 842
213 97
804 900
890 327
394 730
705 381
970 511
18 928
806 73
113 539
464 968
729 108
622 737
364 177
592 468
900 405
938 736
575 533
10 995
340 58
531 403
3 42
576 888
995 894
446 938
982 616
586 385
81 449
762 206
211 188
84 950
487 411
2 97
44 484
434 756
866 723
371 307
45 974
136 886
893 650
140 934
270 973
988 790
309 617
382 401
827 228
738 409
443 255
742 497
805 549
206 18
746 15
818 432
214 553
508 334
73 767
354 932
188 664
765 146
668 885
704 678
669 428
716 659
266 449
674 450
198 908
569 744
509 651
401 686
254 536
886 440
377 863
764 861
565 796
416 301
345 505
158 252
458 696
811 161
481 777
1000 59
360 154
951 201
656 957
544 664
111 214
87 462
308 9
332 161
167 374
389 200
66 71
484 714
109 35
809 757
757 727
976 354
485 736
382 644
492 60
41 428
403 725
647 974
407 165
728 370
341 417
297 511
951 936
933 237
91 710
807 644
208 538
579 573
196 863
322 526
848 426
383 139
374 767
946 251
179 216
622 620
127 182
572 257
44 682
486 787
848 399
588 539
603 810
639 184
162 556
842 154
608 437
827 802
784 988
866 772
980 268
269 729
684 60
699 364
913 760
315 551
634 651
232 711
335 164
140 842
639 897
935 905
187 161
633 337
378 999
672 787
158 866
840 149
586 889
660 480
608 913
646 727
538 964
722 105
996 536
364 737
584 154
395 493
55 234
93 712
779 67
730 543
309 400
807 433
370 222
100 267
372 560
647 473
544 966
542 49
879 144
536 106
111 250
494 246
316 722
100 105
251 911
342 58
972 933
578 364
669 67
462 963
513 390
674 827
806 292
700 831
388 69
959 782
100 990
564 77
878 293
881 199
667 332
675 841
621 253
71 220
553 357
221 751
776 196
898 471
213 891
696 283
127 197
867 274
173 413
88 203
363 51
1 724
532 880
936 409
809 173
979 285
66 670
382 892
862 426
81 663
814 201
227 913
912 49
607 498
903 493
500 30
706 961
158 990
32 752
841 126
217 85
292 802
554 669
404 868
611 580
760 138
478 717
255 693
927 392
163 215
256 25
12 288
888 46
780 862
729 770
908 606
719 923
208 459
261 607
327 978
384 38
681 816
521 683
152 2
744 444
376 992
413 165
916 700
299 194
998 448
450 170
260 140
103 475
871 675
180 596
472 573
523 782
705 593
686 780
798 970
541 381
420 692
437 370
683 6
481 930
578 368
108 647
520 115
333 530
798 740
503 358
30 626
804 865
199 105
352 800
294 903
406 717
467 465
216 207
434 314
933 212
187 990
905 371
264 325
749 428
964 180
222 52
125 680
101 909
411 135
787 992
719 485
962 818
123 526
71 486
831 281
944 928
665 892
874 417
487 118
255 234
576 826
365 854
81 755
245 384
266 519
304 350
451 513
571 496
681 336
934 642
380 536
839 515
954 347
183 127
42 881
334 505
512 625
965 185
414 433
932 310
805 512
864 68
917 454
224 495
955 236
115 123
686 364
390 89
30 240
582 461
106 282
441 215
918 579
393 852
749 716
788 427
992 92
451 712
807 206
39 160
785 216
696 697
878 161
237 231
167 123
125 613
262 720
267 682
952 402
146 441
899 653
536 209
574 777
522 940
462 827
1000 510
817 792
639 877
627 641
791 536
351 309
436 899
341 27
218 470
915 484
19 283
497 309
299 422
339 566
605 687
751 593
973 759
669 734
283 15
783 330
917 836
520 50
648 455
740 597
101 929
689 991
178 170
444 420
535 362
349 179
166 459
549 26
301 321
601 331
748 494
552 129
550 700
775 601
297 554
463 477
266 571
36 66
749 980
534 128
940 687
802 584
767 9
814 257
895 335
736 204
732 367
872 924
600 427
413 986
529 913
16 876
453 457
275 553
112 709
32 708
447 303
965 302
306 669
516 824
276 69
957 858
428 686
362 644
147 464
419 599
441 243
885 744
936 890
660 146
538 562
121 964
158 195
454 682
750 392
497 102
388 211
480 788
564 340
602 131
431 351
379 792
950 585
779 315
821 212
702 73
133 306
765 567
271 420
644 194
683 876
888 778
227 440
504 531
32 186
545 250
174 768
361 799
503 588
127 288
754 522
631 880
890 58
142 461
18 679
718 876
44 985
832 255
362 258
844 622
991 745
315 152
960 83
671 751
249 908
823 288
404 978
758 799
689 772
637 582
504 62
793 998
809 768
214 872
396 733
344 726
867 770
688 462
599 639
111 833
93 854
884 71
486 357
673 618
195 250
298 753
245 956
124 291
159 492
551 990
536 333
111 39
812 10
909 379
217 624
135 445
536 508
702 553
404 372
379 943
375 771
584 456
642 760
479 270
668 345
473 440
646 886
700 841
384 647
596 778
885 927
542 464
431 371
659 212
454 944
958 96
282 705
691 679
394 755
187 836
973 697
374 234
123 406
163 979
935 689
192 877
572 448
365 446
567 400
633 726
189 112
354 782
761 378
840 871
435 417
697 950
452 342
353 248
519 13
335 440
942 400
601 274
639 206
785 171
98 300
50 139
590 561
278 923
413 608
965 51
560 103
165 571
975 494
727 601
118 899
236 896
21 322
121 576
181 486
400 531
884 91
284 913
360 279
90 928
988 905
256 114
6 162
154 593
138 122
16 594
517 574
573 850
298 868
246 854
906 103
618 301
926 98
216 741
837 589
986 265
57 507
287 515
836 267
621 523
108 994
608 296
401 518
916 419
350 547
242 152
208 8
431 678
124 148
385 734
543 541
46 821
40 608
536 869
872 221
95 43
441 592
299 542
853 155
895 560
199 599
701 343
613 571
961 10
341 344
108 53
914 128
255 294
311 624
294 870
819 5
693 934
635 317
49 690
600 3
250 388
323 599
738 145
280 617
165 110
226 509
687 344
219 620
71 519
741 943
339 183
16 242
55 51
962 831
814 964
374 975
395 86
324 48
862 560
367 370
663 673
187 232
795 587
395 423
362 798
474 372
511 619
202 935
242 760
651 246
745 215
447 411
195 178
25 791
82 288
873 59
780 929
939 254
858 385
396 858
823 861
809 510
363 882
551 887
414 603
21 692
405 597
924 939
172 960
467 944
195 353
87 183
750 493
200 521
608 390
260 291
992 705
362 409
216 543
802 314
752 577
772 646
294 198
796 284
924 841
914 710
401 268
739 858
77 607
117 594
722 660
827 235
526 860
854 121
604 656
39 743
497 308
26 514
999 741
691 268
468 915
91 764
443 599
761 464
668 100
541 274
190 736
251 498
442 677
41 661
351 515
737 696
809 91
819 398
166 123
164 249
348 846
646 433
966 434
722 674
862 355
836 602
318 876
675 301
932 452
805 594
789 317
486 177
22 609
93 881
96 219
573 583
816 196
690 741
249 563
250 860
384 112
846 32
629 976
868 568
405 806
997 924
154 614
928 893
968 110
822 89
533 26
354 789
996 324
693 538
134 206
212 794
210 368
588 397
825 965
897 336
238 114
366 39
388 845
688 379
836 323
730 586
915 180
864 540
872 119
670 206
531 900
535 852
517 185
995 371
780 961
660 727
865 835
612 200
216 281
174 783
244 687
795 809
674 614
678 38
536 635
294 863
338 615
65 421
356 748
397 94
606 260
473 904
277 760
297 218
39 964
306 24
625 318
398 632
112 114
994 237
372 348
637 867
265 773
288 610
606 38
387 374
908 140
801 804
714 79
382 209
737 934
365 797
791 193
249 892
366 677
314 960
212 53
306 604
698 938
382 435
720 814
975 442
819 934
152 215
117 873
44 127
963 339
376 855
694 193
516 797
591 379
738 669
704 533
601 483
196 209
159 495
950 494
399 284
664 131
2 566
777 612
315 549
587 781
332 864
684 205
65 571
158 316
142 673
589 72
835 114
612 319
995 433
411 704
284 370
503 126
539 716
612 398
10 807
964 515
215 667
990 519
919 537
235 207
765 617
235 546
142 114
588 230
716 51
965 781
900 186
423 639
230 795
789 890
820 497
914 10
623 492
278 493
579 906
28 156
917 778
408 822
995 986
162 519
292 360
411 298
992 547
934 954
795 448
779 967
126 276
308 833
457 9
442 447
61 407
708 843
874 474
361 677
359 150
165 681
657 257
687 421
489 154
845 557
6 897
281 134
745 361
484 411
180 956
16 949
291 381
2 760
519 445
371 11
832 567
600 531
324 499
788 290
646 832
133 659
82 317
263 417
506 512
382 46
660 75
73 919
256 145
77 967
817 528
416 343
824 340
53 110
769 341
938 292
460 32
578 735
188 995
536 247
557 607
155 675
281 796
808 727
181 891
95 901
207 767
613 856
608 793
726 41
708 620
678 908
744 792
15 882
708 755
786 37
427 458
442 799
939 449
706 460
725 80
529 333
127 362
273 15
221 753
264 470
49 544
891 825
736 742
224 458
187 702
919 225
332 296
126 417
623 855
992 975
667 249
842 65
304 997
991 544
151 313
148 444
505 305
226 960
516 401
679 967
934 848
67 563
763 702
712 700
246 898
684 706
499 444
409 932
21 889
563 711
231 845
642 202
510 284
709 159
48 179
193 958
286 141
110 465
310 23
543 772
966 930
436 475
699 229
917 166
993 512
43 377
464 210
119 562
798 251
103 629
94 852
332 857
258 916
480 556
356 87
582 749
575 360
110 162
884 461
997 170
581 555
507 434
660 990
424 926
640 386
694 757
788 578
460 219
501 513
986 191
810 97
122 45
89 48
600 750
610 978
494 633
613 717
597 200
378 30
14 480
915 343
740 704
243 936
62 300
710 488
142 324
127 270
369 578
903 883
649 912
967 360
438 606
97 856
294 530
740 550
546 927
950 506
625 482
906 941
529 228
417 706
201 123
240 735
597 765
528 412
932 636
571 286
477 271
741 962
447 587
823 252
371 165
63 571
409 896
138 334
841 901
181 428
76 694
681 620
440 761
850 77
824 720
896 301
236 856
534 339
495 61
163 975
480 968
607 904
647 97
426 359
725 769
962 597
506 969
108 773
113 665
760 640
