1000 9892
604 817
881 668
609 621
521 451
747 795
916 356
664 501
868 125
741 201
228 412
191 232
285 883
489 968
492 281
920 654
1000 476
27 861
803 891
347 599
630 578
588 427
227 45
728 454
393 387
866 364
369 780
830 147
65 11
356 542
907 870
878 767
570 692
232 830
478 9
323 74
880 495
844 650
829 58
23 487
62 603
778 415
106 619
123 603
469 443
165 850
205 869
723 920
411 510
571 604
679 681
32 655
600 252
185 470
503 797
491 829
37 505
168 360
35 248
667 862
300 861
432 301
69 40
547 403
550 553
862 751
790 24
315 855
720 680
297 661
872 875
463 288
58 458
42 823
153 502
528 166
512 571
569 958
522 920
257 80
441 307
353 527
281 346
779 503
67 297
506 779
129 692
954 982
522 222
159 846
116 794
963 227
746 241
937 988
37 910
336 469
263 444
210 931
898 765
171 37
599 957
915 866
239 433
440 49
170 102
479 240
874 151
602 101
86 50
218 362
476 922
21 973
318 129
781 535
674 937
825 307
294 926
43 666
448 362
564 72
469 140
420 960
517 446
180 273
260 169
320 340
174 691
122 224
140 455
135 241
52 779
496 437
813 936
870 731
155 2
532 448
175 188
16 303
619 735
186 772
447 860
249 61
982 919
343 927
145 266
109 729
718 761
410 158
657 375
953 808
861 207
827 835
684 584
701 870
614 393
282 468
11 830
28 752
537 346
704 293
278 776
561 364
871 139
547 209
289 545
144 364
953 522
954 309
992 96
648 135
97 332
461 803
211 708
270 827
237 700
177 276
607 802
978 222
104 655
105 90
890 358
917 129
530 255
980 743
750 757
586 634
626 959
399 371
347 162
55 749
846 136
663 978
275 643
317 531
397 878
716 652
94 776
593 223
741 47
246 967
512 67
622 290
270 375
532 14
94 667
403 82
612 476
207 984
299 915
271 75
75 378
720 117
706 184
726 191
387 202
503 242
341 147
904 203
735 121
463 608
726 46
658 326
753 76
904 90
722 833
744 793
981 84
308 738
330 870
188 264
743 766
763 132
467 323
395 686
744 708
952 821
916 848
205 79
65 364
583 38
861 896
580 824
281 391
909 10
179 789
11 636
672 658
679 881
288 794
966 822
461 741
524 901
709 399
451 812
419 241
516 545
493 340
371 200
548 488
295 499
814 821
176 121
621 637
865 270
659 741
471 3
202 820
132 675
464 211
928 706
142 636
584 439
402 665
848 361
349 980
265 151
428 453
121 813
712 200
589 190
885 23
812 355
200 523
539 774
428 747
216 481
612 71
8 301
542 302
138 592
285 799
967 807
859 422
114 339
80 335
592 170
42 135
283 147
319 625
195 359
354 4
562 545
677 240
455 262
365 533
701 91
278 244
838 74
503 651
73 214
80 272
843 726
728 982
286 530
272 76
917 660
511 285
519 960
415 91
953 864
628 294
27 579
949 660
901 785
629 188
63 570
449 882
529 918
345 769
417 269
567 253
789 910
521 736
833 822
307 667
966 798
695 372
842 792
276 166
826 603
561 880
964 267
488 68
108 917
590 197
847 89
462 632
428 568
752 640
813 409
388 222
389 163
928 315
959 773
227 852
790 913
717 847
136 158
309 623
271 304
535 967
436 236
114 375
422 132
5 484
717 824
221 534
867 28
255 568
726 961
408 988
688 776
943 64
450 631
624 918
17 56
32 667
772 184
579 718
876 116
959 274
252 830
93 798
654 303
72 551
451 589
805 786
58 745
991 635
615 959
571 317
19 978
951 778
387 534
317 713
780 39
638 375
340 542
352 228
337 368
562 586
563 574
253 188
290 166
825 660
189 773
996 491
543 486
102 786
380 912
807 997
560 118
906 78
419 709
702 556
355 707
981 635
157 73
161 14
590 289
829 951
756 713
995 435
863 648
927 146
132 296
854 340
388 178
88 740
899 710
572 448
226 846
36 856
136 186
742 654
122 783
912 843
803 790
151 179
293 460
10 606
39 728
130 692
134 756
619 698
781 615
342 907
385 367
856 263
657 810
285 745
344 91
239 906
826 831
421 505
444 78
804 702
92 632
737 629
136 758
715 346
701 899
300 540
727 903
366 89
18 537
183 881
798 238
671 716
837 212
408 856
111 531
883 554
557 979
831 778
390 792
652 175
507 377
563 892
295 633
421 910
685 177
867 722
908 400
896 456
516 733
831 744
188 638
634 538
126 817
233 131
71 979
917 31
780 519
927 170
258 543
342 265
862 772
72 332
163 535
628 551
462 513
447 215
693 139
593 111
242 151
61 561
394 432
523 469
674 859
541 708
881 389
759 444
295 33
359 530
847 777
621 76
70 722
502 687
574 194
209 802
819 153
605 760
669 615
709 586
620 411
514 552
217 344
127 229
313 877
188 111
658 779
53 883
112 273
973 898
745 783
529 254
308 807
920 650
373 327
943 975
876 354
770 147
814 88
946 350
92 384
185 546
576 477
831 703
214 663
766 448
417 503
902 831
456 75
408 238
774 356
500 643
674 328
922 76
7 748
620 772
134 86
57 427
919 927
591 418
670 268
66 299
194 788
87 195
91 132
384 804
60 845
902 218
137 428
46 860
735 597
441 806
816 758
69 954
379 772
271 174
954 620
541 92
484 723
804 818
899 542
385 936
411 993
208 789
321 42
174 319
833 433
661 724
166 146
424 333
251 238
556 470
806 66
313 687
776 49
359 276
940 821
383 146
739 394
390 832
634 779
452 537
456 604
424 372
939 717
653 983
508 784
418 520
787 625
296 948
394 554
888 686
170 917
448 806
227 604
909 190
364 483
239 529
535 68
595 297
196 937
927 302
982 847
914 836
218 302
610 374
225 220
392 913
634 368
270 982
810 239
400 688
699 436
820 342
940 826
387 586
68 141
769 166
93 846
482 108
807 724
289 857
292 580
828 630
940 88
108 127
15 676
440 330
820 565
307 666
453 888
973 113
332 895
502 76
229 193
379 316
17 977
639 517
204 385
298 970
981 727
746 460
371 513
579 228
542 504
802 349
967 885
688 931
759 177
783 582
134 638
617 994
711 368
490 884
657 887
331 108
759 100
193 67
998 968
551 344
723 719
688 698
710 443
677 258
501 140
731 451
498 761
874 688
378 931
341 285
416 716
553 413
555 436
193 286
947 181
516 166
683 671
649 515
892 783
309 495
897 521
326 237
130 408
520 816
815 910
123 955
841 244
532 959
2 94
754 891
888 313
761 45
857 578
537 380
433 274
304 233
50 965
629 363
966 703
2 864
153 500
974 468
580 309
323 804
642 176
79 483
816 227
323 949
966 601
932 729
347 43
111 946
37 827
244 337
137 697
765 177
181 160
864 878
295 152
864 989
206 700
105 981
690 889
381 426
686 540
336 245
651 878
821 18
159 671
327 297
121 10
975 793
834 927
191 270
716 720
88 741
737 693
648 839
167 273
904 209
691 683
536 956
286 944
869 536
339 517
412 463
855 597
532 424
691 946
22 997
919 361
888 921
264 317
52 644
914 299
173 408
31 526
187 260
23 122
407 795
857 700
676 320
89 554
383 392
120 848
267 317
178 336
948 668
188 793
651 403
814 61
728 830
68 295
557 529
285 147
719 64
921 185
983 380
301 167
763 772
263 111
971 924
21 73
918 969
802 878
694 160
626 554
628 172
78 133
371 957
975 966
146 541
629 518
637 27
696 563
569 299
428 626
211 770
696 674
109 307
772 543
711 406
411 673
85 442
551 173
679 120
789 520
276 957
262 632
891 254
639 884
568 203
472 800
234 835
623 303
476 888
450 830
26 699
375 438
86 207
77 520
749 22
327 192
221 605
631 22
152 784
66 938
529 322
433 629
195 850
35 649
257 647
60 204
537 554
52 664
41 137
335 491
725 191
692 936
269 937
623 848
187 288
748 391
969 502
780 394
123 867
736 438
754 899
59 958
803 760
776 545
82 216
45 996
267 438
317 752
270 874
205 367
46 888
945 952
633 830
84 603
642 888
607 768
44 66
906 805
368 802
60 991
243 339
437 923
533 484
294 280
744 187
318 402
12 789
643 985
147 6
259 960
446 54
251 74
379 113
380 302
843 654
144 671
752 580
750 211
661 610
132 112
662 460
434 328
145 251
952 245
471 935
420 907
482 92
356 613
550 245
813 861
423 657
429 596
14 406
537 811
80 766
999 967
505 7
162 800
292 419
45 661
338 417
841 465
880 164
787 624
679 646
403 955
706 608
450 275
454 346
224 311
187 445
870 850
265 251
158 622
585 194
344 592
36 142
348 104
3 351
263 325
153 110
923 414
514 113
774 551
580 466
673 720
727 541
306 519
642 173
602 184
723 426
559 528
430 604
572 281
647 205
906 985
747 609
175 904
107 974
474 455
78 253
210 461
388 938
396 890
38 607
315 906
877 724
536 20
704 858
835 224
15 490
492 389
163 703
593 438
61 632
777 191
962 229
564 337
583 535
86 21
971 369
591 818
811 392
557 676
464 765
269 476
640 272
916 581
80 301
767 437
87 554
199 44
191 105
748 53
723 718
960 816
106 692
268 747
235 856
346 531
688 778
483 381
491 387
348 520
19 536
465 876
265 952
857 424
549 936
571 736
585 787
439 272
540 317
335 419
762 125
525 175
1000 810
896 849
328 435
491 161
164 25
154 19
232 815
451 591
219 571
127 914
516 453
849 672
861 25
610 283
3 443
261 835
410 347
909 899
515 276
366 536
170 775
685 220
499 121
101 277
620 567
537 413
538 974
945 960
985 819
603 748
766 104
859 774
777 543
855 306
693 403
585 314
750 732
183 497
149 321
741 423
74 533
375 873
967 677
334 420
354 676
211 873
358 968
573 387
935 88
574 744
351 273
777 842
617 139
548 767
365 117
592 967
919 127
560 293
318 53
835 365
273 884
657 869
403 646
132 72
194 129
190 834
985 58
980 517
734 671
346 580
165 128
41 498
95 67
27 163
213 148
288 309
959 635
653 828
514 918
285 664
277 961
951 571
944 811
657 74
490 301
587 137
883 782
114 861
101 885
211 141
568 586
456 740
700 95
22 183
794 148
780 178
83 71
163 511
291 178
988 241
700 189
23 968
265 640
875 833
895 258
76 874
276 292
220 423
537 99
103 367
951 157
699 108
298 591
335 616
431 873
837 278
569 584
453 541
936 761
997 976
397 794
974 448
578 569
299 56
745 24
23 329
397 875
569 298
181 52
471 813
755 211
691 891
548 293
697 206
368 628
665 616
940 470
834 881
851 853
543 651
398 478
899 663
717 132
743 900
890 584
460 539
18 149
347 611
35 938
414 727
536 921
633 443
460 401
264 252
284 231
442 795
78 915
157 291
549 782
683 568
390 858
100 734
395 560
52 665
734 405
183 689
960 498
924 341
527 1000
791 39
424 175
944 934
535 34
478 625
945 332
287 149
490 35
443 123
686 37
118 571
622 503
548 14
533 958
609 40
44 285
488 943
966 644
167 545
444 192
63 912
101 301
998 53
193 946
837 377
324 76
841 894
346 388
110 469
681 901
646 657
613 450
854 980
233 14
909 685
396 960
681 790
591 319
3 830
194 995
447 23
621 968
682 604
976 817
501 890
797 317
366 12
497 227
890 650
281 674
411 543
836 340
485 386
270 443
826 462
702 373
914 272
137 35
302 871
252 482
385 829
508 837
513 569
222 361
403 337
497 350
540 790
797 159
105 657
714 513
217 111
218 464
368 461
520 474
96 956
498 576
880 360
493 588
477 839
919 144
687 948
283 434
430 455
472 377
144 112
165 954
538 388
634 45
619 819
446 941
987 823
549 4
398 528
2 201
274 610
795 396
597 776
717 444
520 997
374 514
323 556
914 617
236 551
790 112
649 713
797 812
615 997
582 246
50 991
453 290
954 377
516 512
918 148
478 655
319 393
836 869
509 11
516 663
205 274
237 641
811 958
519 385
405 801
334 249
855 297
287 717
147 906
85 686
641 140
453 870
685 699
601 640
90 135
252 328
494 221
6 393
617 174
302 784
449 300
625 848
622 217
647 481
643 820
626 164
519 679
440 25
481 883
851 781
450 910
218 146
156 280
720 856
313 382
195 638
804 848
362 71
816 286
143 375
200 919
365 323
633 595
743 690
925 673
250 5
296 479
550 22
381 953
57 611
352 605
957 240
942 668
908 980
122 59
286 960
821 609
32 20
293 152
387 95
120 600
743 400
800 292
979 940
568 704
198 15
862 38
754 663
44 673
66 693
339 827
809 203
887 518
546 814
837 253
505 380
714 72
842 133
435 617
554 529
314 104
650 976
615 952
504 68
177 226
602 773
226 982
625 748
870 206
567 170
804 168
292 900
797 929
410 459
177 460
145 878
918 803
704 507
313 151
361 8
241 610
45 350
893 122
953 317
132 614
996 357
267 957
751 253
495 307
445 602
651 787
546 39
360 110
677 799
255 871
825 996
403 58
498 674
189 597
123 209
638 528
877 840
64 910
275 116
860 197
247 112
655 153
432 681
215 662
517 152
935 661
652 945
651 590
213 433
89 195
604 678
860 856
339 833
373 699
579 992
339 519
492 31
75 1
524 602
668 58
320 168
468 976
967 14
74 331
312 700
501 136
728 196
395 535
269 50
936 497
991 277
723 971
61 176
580 960
961 834
782 696
731 888
662 698
900 763
29 805
135 606
946 289
675 573
258 39
166 612
405 308
387 345
283 664
326 862
130 237
728 768
802 539
957 438
879 503
964 237
951 510
58 379
576 500
480 473
689 171
46 280
434 518
456 82
82 20
727 452
672 822
68 199
676 774
788 696
755 775
646 682
850 17
927 151
257 289
884 208
299 170
779 100
194 924
11 375
327 600
54 176
955 423
632 280
724 443
893 143
280 284
584 490
488 415
219 273
402 851
350 549
775 406
925 37
484 939
893 465
346 916
609 794
170 70
835 328
375 3
709 632
566 603
750 164
678 897
272 121
722 829
762 766
195 967
291 644
298 452
446 596
838 714
930 769
114 84
829 13
832 287
704 28
492 423
123 662
639 983
1 664
793 612
773 710
80 675
634 22
597 898
299 835
857 877
676 279
737 775
884 594
278 95
687 241
176 561
545 664
570 774
549 240
538 323
847 511
407 686
176 640
747 59
126 132
934 645
760 677
870 775
955 653
122 595
699 429
974 865
206 143
245 683
798 435
619 402
420 272
380 646
55 446
132 905
44 173
392 726
512 743
604 405
72 62
699 139
37 864
25 872
244 356
637 475
553 200
767 584
497 896
224 728
872 724
559 860
985 923
747 532
343 193
509 825
863 926
216 711
217 690
453 371
592 866
385 530
902 217
394 448
793 805
678 624
811 17
498 780
265 117
308 61
346 872
420 727
466 8
900 937
504 427
503 210
109 55
256 527
902 906
621 412
381 803
75 120
994 270
687 849
431 23
144 959
459 886
208 566
286 997
658 72
38 302
922 757
481 387
869 816
598 342
620 506
359 358
362 390
519 798
539 100
979 365
121 85
601 291
54 611
960 78
335 126
164 118
406 159
62 877
780 424
528 401
490 4
329 913
828 444
426 812
615 996
733 247
233 318
567 833
182 225
600 561
186 236
760 201
358 486
361 386
400 706
777 656
426 590
654 770
272 524
432 193
422 530
663 560
816 73
505 780
328 819
989 546
2 556
635 642
488 57
896 64
91 116
388 337
664 812
834 660
484 13
233 779
753 460
146 754
461 299
834 775
962 368
925 124
388 218
282 985
858 48
865 980
954 527
299 702
691 592
418 98
288 77
890 496
543 864
382 652
667 376
193 241
288 299
661 870
442 720
136 335
262 51
344 242
606 270
257 717
4 334
903 850
514 57
531 439
438 575
330 156
187 765
792 905
44 674
300 564
874 593
766 579
801 845
328 437
809 202
740 854
743 369
693 940
133 707
631 540
926 546
733 44
439 161
97 458
282 364
528 12
509 189
880 575
955 79
495 894
776 842
129 833
428 69
637 673
840 157
270 800
695 1
842 503
127 579
419 282
521 583
522 457
245 532
618 30
86 536
12 411
965 267
34 191
343 427
450 162
147 388
113 641
922 478
281 462
67 445
140 567
713 499
771 751
923 952
138 208
589 149
238 417
498 114
464 46
274 243
622 267
649 309
523 348
416 176
256 425
761 854
923 155
816 689
657 627
471 523
503 154
90 301
402 161
991 225
846 668
652 769
551 377
57 525
557 936
532 402
88 949
600 907
202 133
313 740
444 74
47 31
307 939
887 540
100 651
818 970
675 943
74 42
759 861
689 639
410 104
486 823
328 465
774 816
131 974
171 781
876 378
642 478
491 796
844 792
558 218
390 696
525 435
837 97
921 190
704 314
10 487
92 287
185 635
779 441
375 696
874 9
107 618
314 192
98 875
559 970
945 994
237 103
896 234
932 760
275 727
721 891
940 35
778 194
228 797
503 900
546 358
696 583
234 394
833 255
76 473
404 416
480 518
285 99
712 209
417 43
788 14
205 140
669 285
158 258
198 633
310 585
777 868
638 525
346 917
111 407
186 570
541 116
337 574
583 729
342 201
991 180
294 44
913 236
997 725
155 342
29 342
117 583
968 759
327 44
535 523
477 607
167 391
502 50
844 489
874 868
339 287
912 585
216 70
469 397
787 1000
237 719
499 582
540 240
64 57
815 62
641 943
970 53
18 742
3 70
610 968
957 281
514 893
528 295
396 47
805 982
419 103
628 719
311 13
738 283
941 150
524 898
267 427
529 796
548 8
269 537
419 244
628 382
6 980
779 340
393 529
374 966
547 240
529 941
270 873
795 861
421 831
979 893
395 476
970 600
534 329
818 726
846 463
314 228
480 708
723 256
45 276
79 577
361 199
362 680
660 279
276 24
974 435
208 318
263 370
732 42
60 986
149 147
635 598
891 448
375 851
67 2
432 901
159 562
295 50
685 742
300 561
621 744
15 403
237 223
540 626
392 226
229 907
178 655
820 226
937 953
973 316
832 956
669 3
797 206
412 108
711 392
476 863
293 319
60 542
649 47
669 948
84 404
726 79
564 158
748 915
839 484
990 848
477 675
636 824
2 631
674 605
658 54
934 139
5 685
977 756
463 865
871 972
108 16
273 237
893 116
207 364
670 800
605 522
550 458
629 323
943 240
391 426
602 525
791 660
679 643
974 561
177 763
64 436
257 328
969 407
308 775
410 211
528 402
453 670
749 972
711 539
696 634
957 129
287 24
664 609
556 65
900 865
710 840
219 423
626 655
185 947
632 4
225 434
318 625
559 541
449 998
581 949
269 344
209 960
958 673
659 516
152 66
501 939
945 699
86 735
567 260
366 191
668 765
122 675
801 101
603 464
911 267
328 530
233 775
336 13
100 126
997 200
418 511
477 3
406 816
43 918
426 18
940 311
886 579
890 398
337 518
217 984
489 835
471 983
294 116
441 544
631 181
977 566
450 686
515 558
881 210
574 15
354 178
221 577
513 646
5 641
761 1000
250 114
934 774
549 85
571 741
112 206
247 473
886 446
619 785
417 887
239 704
666 322
671 727
50 159
732 967
93 27
614 487
250 566
268 185
272 316
993 134
315 126
814 916
874 636
600 480
754 233
821 69
568 894
520 737
543 207
180 935
162 374
290 163
201 452
613 439
816 231
210 138
67 303
989 911
180 598
591 320
96 834
980 713
693 400
974 491
797 838
238 850
103 699
911 510
111 156
266 381
892 220
418 400
361 276
778 400
64 683
752 673
18 285
401 419
592 954
976 25
584 686
489 942
570 897
256 601
111 483
350 873
631 232
324 245
583 645
402 158
41 358
829 261
307 39
182 977
739 232
65 489
601 207
235 825
138 340
365 438
634 129
728 198
526 57
819 49
705 824
783 394
877 283
729 757
541 580
302 200
175 186
657 79
913 997
2 284
511 242
994 320
226 382
706 564
339 69
430 108
235 244
292 117
245 435
46 60
602 884
344 924
516 420
311 40
281 109
900 796
818 188
894 147
72 806
519 660
650 581
577 547
654 729
788 715
992 102
282 70
150 456
229 321
620 534
716 853
552 270
699 97
875 700
833 832
228 798
889 572
29 859
788 408
59 748
152 442
718 154
452 469
882 158
673 624
168 932
798 928
926 245
341 955
33 122
307 583
219 275
494 155
738 990
292 585
952 511
343 436
653 767
950 68
884 217
753 245
991 183
136 91
402 444
646 417
364 48
772 95
95 160
322 99
317 102
527 215
550 92
816 760
677 148
918 603
987 959
415 702
416 520
754 586
884 557
499 585
465 937
869 875
972 464
92 712
53 894
899 114
442 491
792 962
46 233
729 425
178 481
295 826
874 313
892 930
805 981
535 172
774 684
204 583
944 647
447 60
15 824
144 319
953 703
352 50
581 79
653 370
267 254
770 398
845 970
955 118
108 142
949 604
884 135
101 187
508 477
181 371
332 961
759 938
619 839
462 324
634 797
319 197
410 803
711 839
489 298
493 338
607 195
884 421
821 436
343 176
919 779
42 333
82 570
52 230
620 113
938 259
167 247
722 618
315 832
270 196
237 111
647 574
961 339
829 224
982 75
531 993
163 730
425 142
464 676
378 182
360 981
752 471
805 339
769 965
130 589
26 522
9 856
908 604
17 453
126 201
667 271
596 415
321 847
749 391
336 574
482 186
65 322
874 744
446 961
749 280
6 345
353 207
207 284
531 807
469 529
54 609
112 306
758 153
649 635
601 338
181 994
748 487
452 804
844 978
296 840
79 71
500 40
512 776
340 657
287 138
948 848
951 435
457 859
165 618
244 53
390 641
747 182
548 45
187 159
572 24
732 177
606 654
718 324
115 177
44 147
897 29
497 977
813 225
746 132
910 773
214 406
451 671
635 644
600 833
877 575
20 58
8 514
637 223
621 570
364 549
238 122
901 352
741 97
873 711
281 643
85 397
678 658
720 164
904 427
212 512
105 592
267 705
118 620
437 689
419 922
42 67
226 676
359 960
19 178
559 755
568 118
622 937
143 368
493 779
847 972
905 289
431 53
660 743
437 964
576 944
298 410
687 996
65 445
180 784
869 716
386 556
164 295
652 460
110 593
356 891
428 774
23 109
101 861
615 157
567 528
309 768
171 835
494 606
316 328
192 198
908 132
837 250
396 496
220 236
995 177
277 339
779 689
407 720
267 357
175 628
36 174
992 236
205 721
244 9
262 408
227 861
582 209
680 345
883 370
385 99
244 440
335 995
999 312
286 189
803 21
915 687
366 911
95 83
780 872
621 875
886 890
879 343
32 150
167 891
689 511
449 626
345 513
666 164
20 111
495 463
962 432
104 952
603 398
270 499
16 766
128 472
75 200
116 519
674 111
686 766
691 912
360 224
486 617
289 164
553 919
347 490
95 792
265 52
597 454
872 91
731 256
609 876
282 726
851 923
636 131
930 534
695 794
687 666
446 300
485 778
895 519
252 523
933 806
277 706
442 771
938 908
942 588
155 106
892 475
269 222
679 407
682 393
979 457
962 608
395 520
516 240
792 888
923 30
173 403
134 923
467 138
286 690
17 175
454 388
936 387
205 770
103 586
574 405
23 113
26 151
301 367
633 936
226 494
302 144
158 539
322 817
69 100
862 291
426 851
120 964
799 278
281 635
31 184
418 815
737 75
496 967
529 967
34 511
366 568
791 451
465 947
82 19
634 548
968 496
714 157
257 437
719 877
560 810
48 30
711 973
324 507
767 593
438 359
794 711
888 821
196 626
637 421
86 661
172 798
181 143
972 654
572 560
205 57
358 537
161 179
768 69
898 728
369 304
302 988
124 62
988 599
891 501
294 320
385 676
209 731
433 940
379 104
968 539
364 764
517 872
773 254
217 742
860 648
38 212
611 274
773 15
133 224
456 651
104 336
86 192
514 913
308 378
369 892
607 379
479 499
852 639
579 961
728 389
359 665
53 554
568 607
437 907
78 919
796 70
891 832
746 454
244 883
680 695
433 193
796 245
31 600
306 73
677 86
994 915
348 716
221 378
496 295
630 222
460 706
689 520
405 320
165 787
528 281
691 247
35 379
917 633
554 581
918 418
558 133
600 187
818 206
709 543
953 845
737 998
774 685
922 80
157 677
785 424
591 697
74 981
229 275
818 304
654 698
107 699
365 82
665 99
387 997
301 791
139 68
343 508
629 963
81 181
44 63
432 857
451 71
788 462
458 937
76 616
841 830
24 51
656 712
760 554
309 478
480 548
869 54
742 780
781 997
85 488
547 671
203 853
699 584
980 352
389 126
247 388
708 938
68 521
882 101
184 220
958 86
854 7
251 62
696 929
402 84
757 760
303 244
531 81
322 221
751 746
114 733
890 450
251 284
786 1
240 11
637 737
152 881
196 878
213 840
990 112
575 542
559 133
118 95
209 913
283 438
781 139
507 894
917 955
258 747
309 281
80 642
637 854
162 940
74 96
759 73
690 86
140 123
378 730
156 406
723 226
745 638
177 250
585 197
433 80
767 213
130 208
663 510
227 800
763 850
859 741
65 88
272 353
92 98
310 425
58 318
168 402
760 204
427 655
390 273
799 127
177 420
489 90
825 528
589 535
550 999
722 120
638 60
159 365
72 93
400 596
258 558
525 733
485 127
305 457
492 845
988 842
720 488
689 291
517 408
78 369
650 94
677 871
881 660
914 980
497 131
464 468
750 364
920 871
893 406
56 109
773 54
649 504
468 730
216 768
749 183
535 988
238 964
520 363
359 592
839 458
843 911
458 355
666 908
978 874
407 190
999 512
984 231
160 505
804 562
364 121
436 414
679 498
536 580
529 269
434 75
161 897
164 288
579 695
339 826
265 931
583 231
785 52
624 946
911 540
880 118
883 825
735 824
828 142
773 539
302 29
838 51
162 944
185 918
572 139
791 107
762 233
874 495
970 986
168 336
541 817
926 545
653 215
583 410
987 565
272 318
311 119
524 68
541 930
361 466
785 624
163 36
475 374
607 673
794 462
997 709
444 715
396 678
992 459
423 383
461 904
157 399
493 503
720 581
975 675
978 133
707 833
104 810
893 118
676 716
78 290
789 805
564 621
841 346
582 658
586 721
660 184
241 320
115 347
205 158
85 575
215 844
697 181
146 725
629 628
890 718
894 610
948 519
113 927
555 192
902 823
445 824
63 505
308 496
511 555
609 867
976 426
124 18
889 70
617 424
679 689
798 759
472 249
825 315
113 249
921 948
556 573
743 893
29 475
647 381
826 855
900 50
813 783
173 752
469 261
311 614
666 531
429 919
451 867
541 578
374 317
430 3
253 676
415 341
87 920
18 641
59 107
23 112
606 11
988 541
2 141
131 819
206 405
689 973
248 139
874 451
231 66
287 188
126 364
951 325
757 22
975 67
153 184
109 467
724 193
428 751
709 403
40 742
849 528
334 488
391 35
548 102
163 192
737 187
367 352
885 483
239 51
580 279
395 437
715 876
475 195
225 504
667 705
360 257
384 49
211 489
11 242
108 822
111 77
591 471
890 768
599 1000
877 974
592 890
996 148
356 11
449 383
756 564
13 679
694 402
712 434
364 765
146 328
316 400
556 771
877 953
659 250
551 56
708 597
612 832
52 31
900 135
467 598
616 204
307 751
999 465
748 825
207 726
198 286
834 519
578 152
28 249
787 892
644 19
317 213
411 144
505 109
734 414
737 682
754 584
494 823
44 726
10 834
377 43
876 187
35 493
676 977
735 880
495 767
406 4
619 219
117 538
839 982
736 477
775 622
524 814
802 712
343 552
535 174
828 404
885 165
779 760
159 106
988 210
701 755
210 46
618 179
749 775
328 61
284 858
614 143
281 361
559 634
158 929
381 40
438 465
811 585
722 36
315 646
478 950
11 129
665 444
833 802
101 10
655 537
307 647
414 233
306 974
493 336
699 877
298 846
941 744
68 852
569 329
238 92
10 410
298 977
595 541
483 343
623 107
103 450
721 151
61 622
320 552
925 5
638 556
840 234
380 292
185 306
649 451
393 285
123 10
251 518
881 90
347 578
422 217
282 527
193 120
820 3
749 99
776 739
459 808
706 438
635 4
835 582
478 212
786 126
164 446
256 801
244 716
28 221
93 481
316 64
49 635
70 979
74 30
723 903
631 790
687 32
447 783
339 910
946 90
435 483
999 163
781 108
703 741
785 361
288 719
24 549
300 882
136 915
102 290
283 580
893 557
644 466
493 521
948 660
810 863
794 120
478 737
176 831
563 701
33 922
513 400
6 951
816 367
194 655
417 404
954 245
612 969
245 572
619 259
380 789
542 807
506 879
401 777
480 594
299 246
85 681
565 767
656 565
695 332
185 3
947 195
427 74
122 686
708 233
712 236
842 915
406 836
726 285
912 953
525 770
622 226
659 340
539 762
226 563
838 842
517 175
186 761
565 179
903 532
702 252
131 397
919 636
132 82
510 744
85 94
780 328
368 494
386 709
730 276
269 184
400 297
716 231
98 74
540 21
373 964
801 615
202 252
227 643
445 328
425 397
434 987
435 334
734 86
496 352
832 202
596 147
935 25
306 225
74 133
97 236
267 278
554 538
719 196
917 691
61 506
515 141
172 280
46 257
361 465
879 627
775 852
289 653
492 908
770 372
556 325
684 274
605 326
360 294
567 71
254 838
437 174
590 619
148 183
647 47
674 395
968 180
94 906
63 181
929 926
522 166
560 509
190 264
392 351
693 191
308 211
815 652
372 730
782 511
750 435
643 791
958 156
548 884
53 306
422 73
761 715
247 252
229 593
845 262
843 989
91 528
612 150
194 283
696 73
483 97
403 765
69 558
741 499
715 116
934 214
960 381
246 94
763 352
4 904
167 492
568 737
622 532
994 269
463 120
430 115
508 855
680 906
810 757
447 549
126 849
362 974
410 441
28 888
267 16
766 428
586 830
490 235
510 238
239 308
42 784
594 229
157 481
989 324
96 157
538 812
560 812
499 200
135 430
747 414
898 436
497 927
423 499
405 868
154 676
512 318
589 256
682 610
302 294
176 6
945 704
843 117
983 8
677 941
129 915
387 798
601 707
589 98
777 872
891 262
450 64
324 953
769 732
592 921
226 763
835 335
765 658
721 798
406 622
427 449
730 170
469 198
731 671
333 919
786 27
352 939
648 72
957 194
99 166
357 90
412 345
827 698
9 397
779 831
869 775
653 858
644 931
3 61
188 103
467 168
749 706
353 282
329 143
757 215
153 889
961 978
340 265
245 842
791 921
365 842
363 130
653 141
443 759
197 17
110 786
516 411
754 954
921 237
724 364
548 52
895 830
246 248
898 199
223 934
822 202
871 166
749 774
932 314
538 913
277 107
908 259
729 874
884 130
453 763
682 695
498 468
618 485
360 397
882 302
77 16
271 912
648 601
901 265
315 980
411 533
926 212
160 787
181 899
661 393
864 559
21 554
364 563
712 431
354 604
65 795
462 775
798 701
253 517
108 735
324 812
735 258
460 348
601 874
303 246
643 525
591 927
761 620
706 439
618 859
948 360
146 222
333 780
961 227
636 939
832 116
607 122
645 345
169 400
170 635
979 387
89 329
625 271
348 722
365 524
273 403
75 955
719 370
79 979
136 517
577 437
306 333
415 445
54 535
849 700
53 960
684 634
206 466
151 343
80 9
293 636
899 369
594 907
723 85
874 171
896 537
55 104
665 514
172 452
465 342
595 471
177 474
859 642
146 811
864 124
148 301
167 707
150 503
707 982
180 92
634 973
766 198
470 771
642 966
338 987
389 359
160 593
747 759
971 699
293 923
169 645
332 887
855 5
255 841
630 783
812 312
517 134
801 73
397 574
660 900
132 317
355 908
599 241
857 466
623 255
881 500
807 964
95 950
482 281
643 728
942 964
464 643
636 233
817 897
503 290
850 212
806 139
454 866
769 806
494 547
688 690
404 202
257 533
748 145
108 112
878 628
813 971
942 273
320 96
13 3
991 224
472 347
822 342
933 498
737 721
899 62
4 126
410 510
870 535
362 374
201 908
697 791
771 120
225 22
188 158
500 152
905 738
748 454
440 835
771 137
745 600
88 393
291 108
395 389
887 802
883 267
875 858
968 328
841 990
587 479
954 295
499 126
243 104
174 426
366 914
522 498
480 273
44 114
172 63
543 88
727 431
565 560
627 235
954 121
773 974
736 936
546 351
927 846
16 610
882 487
183 462
644 139
745 37
319 30
501 828
356 17
216 644
665 661
575 190
446 102
928 481
431 662
986 91
695 625
647 754
759 506
986 202
583 902
497 399
540 805
178 546
324 868
476 771
277 990
708 53
186 773
643 581
330 840
153 721
88 954
489 377
607 45
682 372
244 517
135 694
320 221
800 211
947 104
164 326
95 366
869 187
743 434
268 484
987 964
770 866
109 574
798 219
754 693
828 172
131 932
83 479
331 733
362 253
93 123
409 36
67 576
429 89
694 495
969 60
733 11
883 418
870 236
743 118
266 886
729 668
569 887
605 113
552 355
862 576
168 620
395 614
557 127
461 938
316 467
788 309
756 481
663 631
831 497
997 985
85 767
858 433
54 138
206 681
902 100
930 128
512 430
822 143
272 887
730 815
683 484
214 46
198 739
215 707
843 666
455 208
743 957
190 7
781 672
933 997
654 268
834 106
599 302
911 914
604 640
568 589
256 680
151 793
100 999
84 492
194 380
71 38
203 502
771 80
709 928
800 132
326 496
446 75
161 568
49 605
303 454
89 364
217 423
974 687
226 175
193 478
467 171
841 241
141 150
87 958
236 276
454 487
684 768
888 667
830 514
444 329
118 784
102 437
73 177
291 198
59 354
151 329
266 520
430 255
427 279
989 20
516 388
844 825
499 280
559 294
232 765
380 557
822 700
514 101
385 63
719 44
150 377
221 170
430 985
750 978
896 429
183 227
558 469
998 44
824 831
730 65
25 882
135 397
817 254
964 123
716 964
842 667
96 297
595 961
725 882
689 260
360 398
503 250
935 315
938 493
691 815
399 206
422 293
662 66
777 826
281 683
873 833
376 743
454 714
453 941
826 457
419 789
62 10
319 820
485 540
267 729
825 151
892 201
803 840
401 248
888 456
274 17
481 586
628 320
270 937
622 913
809 788
703 368
317 21
907 887
765 919
930 716
182 925
734 350
99 197
561 565
507 632
329 328
437 797
636 205
9 574
842 409
526 501
693 844
571 732
900 298
101 805
266 714
501 411
453 120
142 40
313 539
802 990
19 851
314 833
741 870
316 279
687 256
624 674
948 860
128 517
935 778
93 931
297 678
317 699
376 105
159 72
197 133
399 761
400 681
42 838
115 772
555 762
153 487
427 640
211 281
323 819
516 670
333 214
334 81
816 240
484 326
802 831
676 836
271 672
133 591
461 114
82 361
979 653
284 557
582 538
659 523
94 940
681 891
846 95
724 703
428 268
91 74
788 92
150 833
906 35
972 288
394 287
659 489
988 619
720 265
479 880
66 439
801 72
270 309
648 965
498 810
855 724
212 524
692 278
341 224
878 57
754 123
972 6
942 858
962 108
618 922
895 670
289 510
863 444
277 953
39 302
134 518
568 122
587 310
511 790
496 53
169 209
297 36
958 339
340 142
382 513
900 488
28 291
273 204
611 154
169 499
300 675
32 917
770 927
588 698
40 96
283 260
545 745
235 15
273 494
827 963
224 380
609 311
266 625
69 140
16 8
14 519
165 697
635 662
444 480
121 341
144 492
128 993
560 548
889 856
905 963
529 991
220 14
295 476
230 243
289 643
897 972
291 333
37 849
96 243
759 840
336 674
119 681
218 586
176 59
55 365
2 667
838 504
387 847
284 561
186 351
711 779
548 513
551 930
256 129
42 382
100 392
323 363
792 226
502 671
489 512
717 122
834 916
32 390
52 73
129 704
4 980
497 398
886 928
905 103
873 571
857 350
18 56
790 826
761 698
616 211
122 132
817 940
341 486
346 588
333 834
155 110
66 863
565 439
514 683
533 317
305 954
898 157
156 844
360 719
986 527
147 627
502 357
675 597
801 754
287 411
948 583
737 764
187 287
829 196
832 40
310 547
925 500
697 818
314 662
166 671
850 406
732 928
288 777
879 947
310 330
256 465
392 963
84 867
529 810
201 137
76 787
11 56
934 739
230 12
984 544
662 249
107 544
7 460
319 462
689 823
894 118
290 192
309 292
574 794
374 122
918 966
978 213
7 93
798 376
362 702
381 242
684 391
889 711
644 588
368 910
574 594
556 73
67 586
851 639
928 544
885 176
508 106
419 747
630 965
940 319
377 801
176 404
877 660
859 137
794 788
100 51
941 931
379 108
130 832
220 884
575 34
725 657
962 37
911 76
829 691
759 438
757 395
405 38
950 957
535 513
222 260
743 790
449 184
56 262
437 919
403 539
653 711
855 737
752 142
880 467
129 457
306 69
308 523
75 768
829 119
409 372
966 48
177 418
149 634
706 533
35 882
909 144
507 785
611 944
49 399
547 408
287 157
129 279
573 340
10 562
112 761
528 59
97 303
988 173
609 32
813 470
823 74
14 793
555 675
383 538
143 526
222 668
907 238
897 52
348 338
997 875
246 865
485 71
831 591
475 81
239 40
264 614
513 185
342 291
513 117
716 596
698 59
919 913
497 778
502 549
284 744
464 499
274 293
100 64
502 596
21 775
565 954
181 897
740 176
8 329
940 434
856 909
319 823
548 831
975 705
471 600
572 455
639 551
995 322
668 292
337 540
583 699
360 843
308 427
197 614
400 382
728 502
832 316
913 356
408 152
385 983
688 648
329 510
921 738
812 809
156 773
784 614
490 587
830 828
937 8
188 406
311 423
725 233
818 829
31 568
622 611
210 499
218 877
771 497
663 167
300 591
961 771
230 648
691 166
785 221
183 599
306 726
856 150
819 266
328 678
150 56
153 196
745 610
654 179
880 955
590 634
235 195
629 16
978 488
396 303
128 949
55 106
132 965
58 469
29 587
410 511
894 63
675 935
349 762
423 343
742 115
121 523
773 409
534 367
239 223
578 855
176 239
341 683
231 587
768 995
698 108
440 340
293 921
938 462
906 32
211 852
251 771
33 436
659 488
181 116
293 618
935 431
982 142
842 993
496 693
171 211
693 122
206 750
441 697
579 895
602 4
186 118
367 684
649 77
49 809
78 414
451 635
424 275
675 858
123 265
39 31
678 580
43 584
924 503
726 847
412 643
394 946
900 376
23 507
32 620
407 920
300 951
636 119
936 428
511 196
370 984
22 817
373 227
272 20
736 553
909 203
776 388
983 735
305 988
838 70
770 190
771 139
776 531
444 481
301 40
340 690
947 458
676 52
961 698
926 692
180 830
508 387
568 772
439 815
470 579
21 59
650 653
641 454
129 234
392 612
284 562
46 593
565 687
69 889
291 474
368 867
76 428
25 986
579 287
962 397
923 945
928 517
724 219
821 138
271 933
255 239
756 685
426 222
462 560
986 438
218 92
725 523
47 627
688 604
802 260
493 55
43 1000
124 245
129 711
567 858
179 653
299 544
963 585
178 947
865 747
458 131
891 955
175 98
363 258
41 553
402 442
403 623
886 242
626 66
65 269
191 837
268 486
398 545
763 97
460 810
227 561
525 202
140 168
485 247
491 132
476 240
954 211
480 243
799 396
552 71
715 693
58 656
115 929
666 467
172 360
121 368
286 480
325 390
310 506
438 175
330 492
993 164
443 199
135 133
463 264
638 158
487 694
309 690
456 90
556 405
375 689
410 567
528 254
940 959
128 236
99 851
188 736
525 543
450 411
159 289
419 396
389 578
104 778
102 821
893 22
142 620
215 14
275 333
349 964
544 898
29 966
842 839
113 861
669 278
618 686
858 209
881 336
534 992
367 913
61 582
264 824
122 596
605 746
342 81
56 186
554 345
366 347
919 707
643 469
288 29
146 471
844 2
187 769
792 413
208 804
542 329
285 928
363 448
751 733
610 963
260 226
78 873
69 638
126 865
677 383
145 166
329 449
809 847
627 976
576 590
204 903
575 656
961 4
175 6
51 12
89 449
830 806
173 609
139 721
377 446
362 426
532 692
383 112
683 576
633 877
463 168
172 154
913 955
849 965
701 956
836 709
156 631
777 639
966 64
309 835
143 875
132 31
274 902
560 655
10 672
546 878
304 333
379 899
287 156
658 544
535 170
495 985
741 977
903 454
136 842
671 826
230 94
569 800
588 868
970 865
111 681
628 325
332 650
315 444
872 943
11 935
287 946
671 88
254 818
94 800
868 522
261 420
707 908
944 106
323 119
136 924
133 762
775 191
724 677
143 675
403 156
612 646
928 589
600 794
217 698
713 541
532 71
902 209
650 54
998 622
51 575
470 55
518 1
151 744
522 972
461 400
748 740
983 271
114 24
933 566
273 601
522 238
527 482
450 978
548 911
698 330
187 813
853 208
946 530
584 635
435 43
402 224
4 60
872 296
23 199
44 912
575 692
777 325
686 747
956 201
500 481
106 632
614 656
795 22
50 99
417 748
424 901
878 953
351 603
376 397
377 180
692 517
614 462
164 126
637 140
559 343
653 174
111 677
990 263
537 365
679 926
477 258
813 424
48 103
676 96
642 48
435 818
693 739
785 266
253 172
492 932
681 607
558 503
67 312
962 567
177 697
87 475
972 636
239 79
646 773
205 107
924 767
708 70
102 765
587 799
141 943
128 498
536 495
441 109
759 565
113 68
198 783
401 559
932 797
241 296
994 998
795 763
797 393
800 659
565 925
413 384
363 733
489 554
256 453
635 873
962 251
725 341
397 767
492 270
994 712
62 8
318 150
250 736
734 542
934 460
386 558
133 291
827 224
528 779
302 618
503 319
434 354
517 77
114 762
613 532
726 989
340 136
602 244
695 978
511 652
23 389
644 109
946 280
700 367
94 42
799 142
252 818
820 1
545 751
175 284
93 227
165 726
995 539
552 329
675 665
783 706
515 96
546 582
93 20
221 95
59 172
666 508
775 690
886 339
463 532
641 650
148 494
679 898
573 589
23 958
908 480
235 444
291 510
352 240
336 533
106 419
270 808
24 338
578 777
940 928
798 258
110 538
935 671
902 492
209 59
707 836
483 682
428 355
102 782
234 414
870 259
978 831
631 27
73 997
534 618
668 728
228 71
128 333
104 762
217 867
34 891
218 204
56 159
679 73
682 831
350 961
96 672
221 664
706 169
838 938
964 625
289 303
896 224
720 21
612 3
796 346
119 13
948 13
649 851
976 318
722 846
338 795
947 847
697 372
94 228
188 377
302 497
964 934
523 615
348 631
887 760
222 72
667 461
503 545
155 237
329 262
80 688
120 637
320 79
13 36
344 837
731 883
352 336
406 125
865 429
140 169
640 32
435 479
37 319
205 909
352 463
244 853
706 958
46 71
799 399
126 145
418 694
275 803
338 129
637 635
858 888
50 781
92 432
989 190
702 615
550 977
348 217
385 65
352 156
63 614
600 626
859 719
751 469
71 967
771 533
957 802
210 361
327 962
828 561
600 656
565 642
677 984
894 342
287 652
698 37
760 854
318 274
736 595
569 304
953 209
260 618
42 336
635 563
727 3
768 62
94 644
904 410
501 654
764 4
712 439
476 988
61 694
208 918
541 76
686 911
35 967
967 822
894 786
553 518
769 577
844 3
936 703
688 543
657 992
357 347
559 146
315 993
874 989
998 911
658 458
553 288
446 85
331 190
564 472
725 98
122 9
857 90
765 865
607 2
735 89
661 934
527 638
691 479
239 371
912 464
839 175
438 588
476 439
645 498
856 13
963 570
896 868
434 927
861 772
225 953
832 54
126 290
861 181
206 506
150 714
227 957
436 48
509 283
699 311
234 18
770 22
975 467
675 399
15 950
12 60
658 707
861 456
314 125
477 479
336 733
797 608
724 960
429 348
785 260
751 489
793 201
188 645
671 232
674 348
361 207
453 743
206 801
348 100
485 214
366 383
452 417
471 391
128 23
518 392
462 766
204 401
756 742
722 466
464 259
570 878
717 205
460 122
901 123
9 22
691 974
775 828
587 545
180 73
366 372
640 729
612 851
803 938
761 647
833 274
190 945
532 284
691 748
769 990
916 539
703 381
65 57
981 123
226 394
311 564
529 656
114 550
5 661
815 132
360 553
669 607
563 196
66 564
112 218
849 919
166 507
403 791
443 834
102 453
732 580
401 172
18 706
610 40
349 52
757 183
408 538
457 914
304 411
213 549
288 708
386 209
619 75
927 274
88 433
163 417
662 69
644 560
831 886
84 677
548 187
552 318
756 6
699 95
875 708
82 469
45 223
200 152
662 278
828 522
837 724
529 675
803 348
785 825
271 722
932 568
220 762
612 724
445 731
889 765
344 119
694 22
197 710
367 234
323 368
52 338
551 776
539 832
702 396
431 766
513 151
587 636
289 145
255 986
897 466
627 335
494 346
958 229
725 742
824 137
293 330
954 532
355 1
905 384
748 600
910 507
289 499
53 330
847 804
861 612
963 623
322 381
509 847
231 506
291 758
146 175
377 283
361 894
86 381
469 363
26 408
133 452
964 978
658 165
97 773
387 73
524 574
62 581
549 93
715 429
554 997
724 469
56 981
211 573
66 651
37 282
495 562
866 930
357 573
598 597
804 508
558 338
875 961
69 26
16 154
951 492
19 993
352 2
372 77
799 200
254 105
555 860
128 452
187 176
851 153
736 663
893 814
675 71
90 557
251 558
505 56
99 825
817 170
470 144
882 400
518 871
814 745
30 56
278 152
782 402
953 331
720 458
229 152
11 349
937 863
385 544
547 716
307 627
15 418
109 545
418 424
515 759
60 777
940 485
587 536
694 796
939 167
392 162
363 585
716 467
811 481
838 37
247 251
428 823
938 996
9 776
947 846
506 34
554 20
595 567
654 75
514 678
911 856
880 426
202 138
614 895
173 635
767 343
36 821
286 518
615 611
767 75
514 456
397 196
92 764
273 318
576 177
417 811
199 585
93 198
956 196
301 505
98 687
443 572
279 454
283 515
89 976
275 915
150 48
885 380
34 502
47 961
671 782
636 57
637 348
149 136
632 68
618 123
580 523
893 931
272 589
419 398
901 638
258 528
759 990
105 213
489 310
590 108
59 740
891 35
301 607
462 530
377 806
672 907
12 869
860 609
823 623
555 149
388 244
931 553
379 97
248 62
434 457
76 823
350 845
94 402
377 753
854 109
524 114
969 981
694 538
846 705
946 582
557 882
636 813
777 119
678 14
221 593
494 735
886 173
777 303
628 417
265 515
485 952
681 139
978 959
187 173
672 450
835 654
49 105
397 151
36 809
143 599
40 172
921 549
369 544
984 451
69 303
218 775
424 154
524 853
526 319
748 507
183 936
240 674
576 12
61 460
210 774
628 491
909 798
148 560
465 732
546 735
93 972
847 231
63 564
745 421
827 91
831 563
12 453
894 401
16 896
699 133
955 255
632 96
650 323
120 308
232 302
103 533
766 175
612 561
722 177
725 894
980 597
86 712
214 509
408 5
180 645
954 940
332 840
722 320
357 491
472 635
824 400
570 252
946 863
727 38
693 242
108 566
753 431
756 534
415 994
484 881
285 864
470 960
553 976
915 25
754 83
367 548
271 657
332 268
715 213
790 737
575 289
722 791
728 360
393 481
449 333
638 464
661 840
888 878
874 833
66 898
473 956
197 333
398 620
239 838
633 783
875 198
952 573
130 393
495 537
446 811
912 219
253 983
73 81
394 959
889 215
373 302
376 510
763 762
606 852
645 792
6 542
101 404
118 530
379 798
345 994
309 474
757 377
615 111
998 125
211 285
709 230
224 468
127 593
580 341
766 120
589 253
988 978
883 188
59 846
798 183
587 810
855 290
875 544
713 477
388 543
46 939
212 125
717 398
384 878
172 773
712 274
53 6
418 389
773 285
665 700
423 148
582 843
142 836
143 53
570 771
399 95
95 812
591 683
834 908
946 722
762 162
821 178
554 287
972 2
497 486
761 817
668 267
429 177
601 984
985 441
906 296
472 228
750 251
860 847
511 653
866 396
356 446
934 93
593 733
481 731
799 849
31 872
14 810
278 320
134 804
515 823
678 161
38 320
839 886
342 714
476 376
878 825
11 549
917 585
645 602
978 681
961 925
871 438
729 489
123 950
783 716
698 600
457 238
809 321
478 564
407 744
121 345
286 395
453 378
535 236
280 800
617 537
211 328
36 100
380 593
55 75
77 399
370 411
704 327
465 437
555 54
180 936
823 70
310 63
276 507
332 101
334 177
580 329
564 854
506 794
200 645
414 9
438 403
462 186
150 519
779 117
517 713
590 17
348 388
849 233
617 85
366 96
495 324
269 404
48 295
241 2
453 976
347 373
371 635
691 920
85 425
894 613
308 72
200 625
79 200
5 40
136 217
544 694
191 317
692 502
198 523
343 680
134 599
502 957
198 410
159 928
33 928
971 230
38 51
739 130
761 702
578 28
748 972
71 57
860 962
493 743
925 666
194 501
678 114
802 86
361 438
523 867
123 647
937 69
619 871
253 701
239 894
849 990
470 533
529 12
895 67
861 175
239 751
258 58
210 803
96 14
746 753
736 423
475 397
292 205
41 971
727 763
354 856
110 747
290 160
871 184
555 699
59 936
912 550
484 395
440 561
811 610
25 153
922 393
51 921
875 603
513 252
73 677
94 985
613 291
389 297
142 627
94 872
423 126
794 349
20 250
977 651
613 5
635 565
187 520
972 868
664 397
497 76
333 734
869 508
726 782
446 7
163 771
178 816
332 410
43 969
852 673
320 626
831 433
801 229
415 877
824 66
199 202
554 471
147 983
635 128
133 377
382 597
576 566
322 418
86 331
335 513
934 101
648 78
575 669
118 216
520 848
213 188
490 595
911 703
438 723
386 822
339 778
411 361
2 597
571 695
398 913
718 778
974 688
352 655
697 331
308 902
297 403
49 306
896 789
753 522
822 22
339 802
614 469
316 264
359 170
16 84
929 262
906 613
482 723
818 345
119 499
399 736
383 689
786 287
210 41
257 120
979 775
841 533
116 818
263 215
158 59
402 633
720 516
367 99
479 613
890 956
543 428
525 913
228 188
767 706
163 592
994 878
497 782
95 86
85 527
394 356
402 795
55 631
955 56
77 923
902 212
85 496
450 15
308 145
916 336
220 933
646 201
480 794
125 608
829 610
299 335
397 758
604 754
860 868
645 16
891 6
892 309
714 565
387 265
971 174
94 275
5 258
801 880
530 227
535 662
493 687
209 888
305 633
40 726
251 389
440 930
75 851
49 636
340 85
562 306
642 647
767 111
715 737
150 60
390 256
808 852
154 179
796 614
794 212
306 470
642 412
404 959
888 410
561 340
637 545
362 65
568 876
823 204
845 532
992 72
901 770
332 126
79 364
45 76
71 515
833 997
850 61
614 162
851 364
86 523
432 238
998 348
124 297
585 265
971 800
128 70
366 218
556 126
941 153
997 28
634 838
128 501
536 498
258 840
831 133
473 257
509 579
113 794
540 569
906 191
378 398
86 951
241 60
932 879
882 46
21 584
752 526
661 536
389 805
901 612
711 358
553 604
401 223
311 884
829 759
317 451
823 240
526 777
108 328
56 339
900 70
973 568
469 361
416 912
473 878
75 238
916 936
169 101
335 162
960 360
875 391
570 625
735 915
310 390
758 464
80 727
145 821
456 614
810 393
691 760
847 165
305 839
658 837
213 4
499 75
774 835
41 861
615 863
746 666
432 334
505 264
109 770
573 575
116 438
188 779
283 569
432 477
895 396
737 38
701 707
704 297
457 765
465 283
391 55
839 693
608 821
284 872
163 160
712 883
250 798
185 981
96 136
794 377
944 422
659 701
966 587
436 706
733 884
864 141
58 60
439 969
833 882
650 280
447 450
54 124
984 790
971 716
552 570
292 765
977 51
617 84
524 384
470 918
894 648
362 633
22 544
220 591
669 270
589 119
829 968
129 142
670 136
450 119
56 162
534 843
852 654
903 964
674 838
246 260
601 827
394 737
252 685
203 115
920 617
249 401
138 746
507 985
532 446
311 713
847 939
558 698
389 571
621 234
269 213
911 741
847 600
544 115
781 378
305 641
822 878
969 746
363 151
260 780
990 48
577 509
961 862
736 602
623 834
809 130
987 204
421 716
829 223
62 758
122 391
340 508
322 771
400 953
93 196
465 613
836 636
710 93
325 842
71 525
125 338
771 235
278 937
4 300
192 426
600 343
547 368
288 893
666 78
903 367
121 485
729 742
414 328
182 164
558 451
369 41
567 51
864 58
171 706
689 519
279 791
67 501
111 996
611 252
668 793
101 30
194 912
108 814
162 114
181 150
536 443
555 489
461 134
869 25
608 324
436 964
940 308
176 393
730 992
802 437
223 981
238 59
55 899
630 841
502 764
433 987
506 755
204 414
90 143
496 687
98 886
833 410
892 163
455 95
556 650
890 460
719 409
657 997
285 956
919 445
868 283
480 217
70 717
455 381
701 357
683 934
633 535
189 49
283 52
896 790
198 161
332 29
888 963
255 829
154 267
446 979
749 298
260 915
979 349
291 895
222 837
395 781
641 981
444 646
788 812
861 178
370 879
421 625
537 719
944 546
710 953
178 358
37 417
18 268
249 715
379 884
70 427
920 442
371 216
512 208
634 281
943 562
861 453
974 156
442 53
297 878
689 92
266 231
642 842
845 849
629 970
171 302
561 154
730 563
361 204
987 128
626 576
309 436
536 360
179 614
976 927
675 284
87 208
398 357
475 882
222 871
43 22
612 110
377 960
806 433
733 719
8 334
718 482
427 260
1000 66
124 202
256 620
659 16
668 289
373 549
635 830
686 942
672 933
759 420
386 582
960 623
136 174
193 112
636 220
328 405
514 842
808 563
554 91
517 85
459 917
79 612
728 362
658 45
381 936
848 963
479 367
112 658
191 699
914 210
934 785
544 187
528 592
378 769
396 224
326 97
539 112
887 640
102 504
50 31
944 293
287 350
318 180
473 604
2 218
865 354
460 878
779 574
781 100
698 578
899 489
386 172
466 126
283 604
417 578
167 266
22 507
44 359
372 116
374 910
33 914
849 592
485 828
686 189
358 402
24 378
423 338
461 923
854 914
491 652
239 218
441 151
24 489
221 582
724 598
357 43
604 252
661 99
664 185
516 954
846 161
59 689
195 17
505 200
396 872
632 532
433 603
115 326
498 66
284 713
622 379
324 730
627 419
590 213
259 925
775 445
431 763
622 234
475 719
261 88
817 728
983 303
627 705
192 630
674 914
14 65
164 740
722 870
728 471
468 850
680 602
536 990
43 574
146 992
890 375
322 491
151 236
679 485
88 79
259 486
26 487
248 555
766 877
730 399
456 536
507 651
258 165
757 231
406 85
524 648
562 471
709 644
244 893
300 959
625 371
379 990
490 477
219 521
274 970
974 907
767 379
943 916
323 759
627 797
475 932
202 696
784 146
179 744
419 185
93 280
166 934
776 886
52 439
290 182
422 987
812 215
650 694
599 761
488 867
132 708
152 58
246 814
296 210
121 667
31 258
567 460
54 161
437 39
828 920
320 987
57 492
404 263
354 694
100 438
485 380
570 178
556 897
26 916
446 105
103 914
4 835
686 887
507 975
855 772
214 116
471 543
882 930
845 302
53 11
815 490
483 117
365 137
94 345
556 566
656 906
192 705
230 777
138 747
952 187
455 408
916 990
596 618
338 678
156 987
970 291
679 393
351 872
49 554
307 462
914 282
74 463
154 621
328 486
141 107
719 386
500 340
562 507
299 474
931 690
365 39
330 311
684 938
666 429
558 887
830 760
580 747
482 602
763 567
175 429
378 539
892 59
608 756
2 53
774 703
741 952
559 267
689 787
49 502
549 289
917 333
335 856
1 228
275 517
461 978
153 417
797 920
413 879
15 975
219 160
382 300
720 651
292 572
616 719
404 86
133 624
210 357
599 129
837 280
807 496
720 538
225 608
462 375
146 524
293 971
591 478
10 47
225 211
911 295
958 95
227 211
744 334
526 650
319 904
745 516
177 935
697 216
440 111
494 166
78 545
461 487
835 166
655 851
454 624
184 116
185 285
246 758
561 650
624 514
541 958
934 441
386 611
835 452
319 767
179 424
697 299
200 845
359 659
288 240
809 946
614 911
946 333
433 614
351 114
438 721
578 466
610 557
773 696
361 441
117 286
832 223
804 706
476 435
738 90
41 250
981 919
871 282
966 42
469 514
587 163
970 57
701 951
739 380
740 899
835 913
676 363
524 807
588 95
712 607
140 984
418 726
71 752
989 109
631 583
295 700
376 84
35 67
864 505
232 426
214 679
984 514
558 476
138 299
563 582
12 448
844 326
483 531
608 258
661 78
419 431
579 333
928 723
746 294
622 493
458 814
920 119
224 580
78 355
411 13
379 288
109 375
919 796
99 673
318 413
854 307
51 514
532 51
437 305
960 834
622 190
843 703
40 672
517 178
60 675
226 663
298 248
247 15
964 693
682 130
277 942
773 105
811 298
578 467
887 95
137 484
368 507
761 628
20 540
748 790
910 61
14 502
420 777
661 853
791 778
817 261
26 384
201 703
707 445
1000 543
910 172
1 838
473 897
348 571
347 1000
279 71
529 424
804 742
221 340
791 1000
482 658
571 664
670 959
732 576
533 657
75 947
866 922
650 863
743 320
112 467
490 486
611 978
315 241
244 137
456 550
44 760
343 711
453 131
809 507
210 120
746 838
233 297
953 593
813 69
987 968
362 830
336 332
558 363
158 21
841 661
537 172
793 346
6 89
48 431
603 447
416 451
212 433
347 253
760 658
364 536
54 484
639 291
172 919
748 694
195 334
671 562
129 588
25 659
289 262
714 708
401 221
130 949
60 566
798 528
71 86
623 485
961 86
355 227
891 917
710 427
527 227
239 897
790 627
597 107
179 190
363 173
917 884
402 483
477 957
581 459
338 485
710 341
236 452
780 490
847 356
539 95
26 134
749 642
790 204
151 258
947 419
914 616
845 724
75 556
344 571
496 982
282 369
102 86
908 413
641 318
954 303
257 53
245 630
840 138
394 585
889 579
837 692
654 922
57 386
958 984
686 555
335 699
536 464
746 892
800 581
513 800
436 913
474 204
96 882
433 957
214 26
217 870
949 93
27 485
329 717
256 597
313 420
223 233
117 630
200 850
330 737
22 683
868 609
189 186
616 218
669 880
339 533
433 744
150 378
103 227
94 233
791 733
5 344
962 820
772 501
675 892
485 896
928 908
470 344
153 586
26 504
834 339
726 877
625 382
97 805
840 328
464 788
799 596
88 160
490 284
92 22
793 523
922 929
819 475
178 918
296 892
705 448
46 72
603 797
677 432
594 952
297 598
317 651
619 23
766 330
380 513
353 863
851 200
173 76
269 633
110 601
861 511
607 655
3 533
850 112
82 6
824 811
695 120
736 119
699 125
720 664
82 409
548 334
898 397
262 688
263 381
565 653
622 470
406 266
492 655
271 501
602 337
739 662
497 871
685 868
686 583
930 141
879 82
495 357
206 744
836 359
485 415
430 293
577 808
260 315
318 113
796 84
857 481
241 68
42 127
890 603
892 189
711 411
142 946
670 388
807 601
160 93
660 666
242 505
887 491
249 435
412 291
948 157
956 672
189 79
959 575
292 701
92 958
2 466
772 210
425 969
870 757
597 35
264 457
888 968
839 170
610 174
519 808
500 406
316 37
130 375
549 17
538 290
900 717
724 9
245 176
93 355
966 469
384 427
831 857
283 995
983 626
175 561
90 719
953 378
783 950
160 616
951 464
185 561
955 21
851 228
559 671
968 392
509 120
435 845
58 400
77 340
580 381
728 520
16 900
789 23
978 176
160 735
267 789
548 354
551 573
595 969
686 496
950 356
986 342
897 303
773 404
119 396
670 36
52 379
755 188
738 946
798 87
778 461
377 966
881 374
782 444
730 117
12 916
821 90
436 248
357 706
42 83
282 738
100 173
375 501
892 193
659 32
308 434
585 935
959 893
532 385
937 343
611 392
192 778
321 938
624 781
731 611
832 474
8 140
193 144
965 530
400 342
830 964
725 242
468 141
785 69
435 380
734 96
990 14
404 757
4 495
188 28
226 331
482 801
49 706
857 859
550 342
10 767
527 578
197 107
371 408
391 191
283 606
197 252
533 626
278 855
228 646
547 266
842 370
590 748
427 760
376 224
486 165
215 377
896 385
432 225
784 342
348 269
172 227
158 464
124 292
430 735
716 992
826 32
370 164
225 687
284 596
837 608
217 623
766 320
812 418
368 604
886 690
25 737
462 590
504 397
527 302
413 410
860 549
152 668
392 139
195 734
109 124
200 680
809 606
204 179
475 638
742 656
411 790
104 260
87 581
492 155
368 393
757 673
259 714
765 595
406 559
852 587
437 717
304 993
212 746
85 100
101 431
895 535
256 872
296 325
630 448
905 301
527 226
379 709
38 501
388 268
445 493
908 971
253 228
299 978
147 607
131 34
204 596
260 966
852 152
283 367
736 689
239 870
59 452
477 45
286 340
409 309
871 349
451 686
120 130
560 38
17 299
663 49
702 232
614 513
886 314
140 18
876 260
288 741
932 54
491 814
572 13
3 282
154 146
140 993
987 526
415 41
679 952
738 468
266 859
283 939
894 243
948 943
115 232
379 687
729 824
110 557
940 926
806 819
275 713
367 55
133 683
523 31
430 763
896 139
166 194
142 221
76 427
519 107
546 199
342 354
586 708
297 927
480 999
924 584
318 459
391 517
893 365
638 443
312 160
350 568
884 150
133 990
405 665
7 565
122 571
798 960
251 636
203 790
463 744
725 645
32 414
87 504
751 849
899 568
989 988
963 257
186 923
522 785
561 765
833 871
521 193
311 853
891 963
179 511
640 635
596 628
243 964
652 646
725 72
553 13
584 239
282 879
286 91
526 10
231 256
378 980
93 319
701 32
479 699
71 373
725 170
487 235
786 350
701 913
135 591
857 659
966 95
89 569
808 73
514 231
509 369
201 32
318 841
451 424
694 484
487 350
845 584
756 165
900 927
428 504
248 116
193 821
510 276
771 906
332 748
991 879
959 415
10 376
211 729
413 877
876 669
684 488
686 362
430 676
417 219
992 337
958 618
465 183
618 503
233 915
719 430
399 332
114 150
612 745
426 298
906 16
817 427
470 179
254 579
310 936
595 522
194 177
197 469
506 655
283 88
716 270
493 131
77 836
351 357
911 199
588 336
20 484
332 406
152 724
597 494
363 552
825 243
592 34
539 557
351 27
743 773
467 630
468 805
433 523
288 242
424 466
558 725
904 500
736 795
2 467
40 770
883 660
155 243
363 744
797 407
952 951
226 164
945 402
886 739
840 696
72 514
735 869
204 755
669 135
857 751
513 832
247 447
26 110
226 544
358 139
453 173
258 397
559 328
488 624
970 872
310 473
771 857
261 651
892 443
50 954
896 422
649 36
439 876
477 473
940 983
268 151
266 226
483 246
131 690
797 747
963 287
896 196
495 410
635 759
444 996
896 115
608 333
721 994
390 163
744 285
329 732
160 958
133 165
493 214
140 956
495 376
176 424
74 879
313 257
830 318
78 515
769 578
345 144
199 277
790 920
394 723
759 509
373 546
66 74
564 253
949 261
53 368
921 968
646 495
795 931
463 593
356 391
48 848
919 450
689 903
201 723
588 937
404 806
260 860
133 490
661 964
331 289
554 779
684 846
832 249
26 160
505 391
434 957
860 820
221 451
234 159
933 294
261 973
290 777
887 931
273 947
608 702
153 125
154 814
192 405
871 111
799 210
876 455
14 850
3 479
381 119
11 6
585 467
596 575
262 203
466 814
360 309
269 364
859 781
72 73
110 385
416 800
662 296
812 125
206 66
950 23
38 765
20 88
753 375
471 417
113 653
664 43
410 955
267 542
975 736
552 864
748 879
867 668
320 656
212 934
910 675
826 498
78 543
228 392
798 884
964 516
233 534
196 887
419 905
518 218
498 946
851 906
816 76
731 672
125 753
520 279
848 132
684 189
886 972
578 53
563 411
800 999
985 45
749 60
751 530
298 508
486 585
30 975
770 626
97 942
938 812
156 865
88 87
643 369
517 360
810 482
903 835
475 953
65 313
652 514
417 912
308 971
421 724
173 307
305 891
268 73
162 964
328 420
438 953
884 665
421 677
633 927
61 414
745 693
136 555
305 980
303 577
589 892
348 942
315 31
353 960
913 678
864 308
906 569
713 49
254 147
612 769
115 235
22 373
528 138
595 228
456 181
954 156
756 96
216 961
59 445
426 420
299 190
91 48
517 564
65 669
484 65
33 511
842 811
38 616
186 727
959 496
485 377
234 699
532 6
73 895
683 498
484 935
468 556
731 494
588 301
826 406
377 622
764 110
303 338
198 524
221 933
316 991
804 414
365 134
293 505
648 200
575 279
616 220
327 649
514 817
967 105
861 742
255 683
459 862
443 565
540 989
8 246
299 937
13 891
360 681
572 494
390 840
44 855
415 712
911 727
571 686
882 613
117 251
412 622
567 730
383 469
832 33
735 722
451 653
588 550
248 151
980 200
692 708
207 116
491 781
554 741
372 56
157 724
576 452
225 298
79 179
604 274
219 820
771 909
701 596
633 262
231 677
128 228
936 603
353 575
120 286
11 145
253 478
559 840
21 313
542 245
301 601
842 847
57 13
3 979
480 900
688 345
138 886
357 322
327 431
659 296
18 480
110 10
612 456
8 342
427 284
324 151
132 539
359 857
786 989
180 124
53 234
590 387
702 217
631 301
372 944
90 353
69 809
243 645
521 901
17 314
686 998
19 276
830 204
796 36
673 279
929 653
969 936
161 635
143 703
184 452
27 158
770 570
628 794
347 897
403 915
619 937
451 843
178 177
362 402
677 89
378 174
865 489
3 38
476 794
494 963
978 584
317 858
391 439
468 218
396 79
895 157
641 364
107 507
50 604
687 374
592 168
641 602
945 204
474 688
992 161
469 96
443 251
283 914
474 735
572 788
846 431
684 318
577 906
266 251
393 659
447 288
448 706
432 199
196 96
738 767
610 939
25 888
23 733
303 491
393 764
290 722
474 497
607 899
135 276
564 698
452 424
648 757
333 411
894 708
440 415
95 673
441 970
760 744
851 659
526 613
104 12
254 855
996 455
751 639
777 177
996 3
375 70
86 31
750 118
440 253
230 957
367 546
924 855
228 356
639 794
878 410
833 235
597 370
544 354
992 321
696 29
53 480
56 444
188 329
960 658
178 883
269 136
990 978
916 913
520 90
278 446
852 791
784 607
433 391
109 986
183 631
494 876
923 36
526 451
126 615
456 591
595 963
630 55
667 59
540 299
781 15
71 435
161 932
775 561
27 777
546 795
672 706
140 104
330 395
287 235
804 455
288 842
111 612
330 477
963 138
136 878
981 375
140 846
398 924
568 881
842 368
93 810
646 576
296 596
429 296
397 166
707 963
764 528
546 479
890 941
447 469
604 837
219 26
402 598
385 476
544 851
870 287
29 789
821 361
768 107
842 820
954 842
573 932
872 335
981 627
693 175
659 463
453 998
593 11
595 709
637 208
218 240
384 642
556 808
10 806
781 653
732 594
713 771
643 692
200 682
38 190
384 561
242 349
5 79
216 320
302 626
35 789
892 225
753 56
795 831
564 464
984 244
892 453
621 1
697 721
193 370
411 167
268 356
360 733
236 432
558 637
248 414
654 144
586 330
610 84
921 487
300 548
283 286
845 512
74 137
295 867
791 126
504 254
732 982
254 438
996 27
650 961
887 902
429 106
435 745
81 957
541 949
158 715
601 340
510 254
77 393
921 35
116 81
202 333
82 33
942 92
879 756
269 691
298 601
634 901
581 922
71 747
73 691
475 99
974 75
371 946
638 629
543 466
547 919
197 530
368 924
510 555
285 111
124 441
253 283
128 470
823 767
454 761
570 190
403 77
132 373
336 216
299 492
797 101
247 466
808 834
717 142
521 355
904 373
189 469
415 887
473 2
881 397
768 499
302 512
388 61
227 239
263 879
268 603
126 995
493 848
131 469
636 768
319 596
216 203
70 730
697 380
990 795
388 339
563 359
321 912
160 274
201 746
916 841
510 205
351 852
559 211
654 253
640 923
515 793
256 916
701 62
264 447
448 140
231 147
378 837
5 479
288 549
683 748
106 93
889 439
295 575
601 363
514 370
71 635
315 205
845 757
936 175
477 209
285 639
67 589
182 270
763 809
106 124
257 22
866 530
816 291
67 363
193 932
141 700
662 358
976 537
632 75
615 258
590 849
355 565
199 851
413 141
659 589
509 804
275 340
99 568
159 991
176 319
432 905
396 812
826 329
186 744
538 581
189 535
744 178
450 37
837 951
218 57
873 419
902 893
171 133
134 267
507 45
165 495
494 277
411 803
319 874
178 618
269 385
697 446
8 437
852 542
29 257
665 777
138 651
468 918
327 173
222 413
5 697
961 19
28 206
529 311
967 477
473 937
679 425
177 674
297 251
634 180
505 120
669 613
888 567
857 892
258 105
810 586
984 377
748 498
608 549
400 922
455 956
314 688
351 767
923 278
68 487
572 55
477 309
405 456
724 366
689 885
211 409
728 749
514 120
73 408
257 193
978 397
906 766
390 295
766 500
713 200
162 350
914 849
257 114
702 860
573 588
432 248
931 238
370 300
436 792
730 572
859 848
91 458
580 30
798 237
205 207
404 382
546 746
621 583
358 567
161 105
436 933
627 458
704 833
764 177
584 311
640 505
124 311
238 216
385 658
795 647
405 735
651 731
468 275
905 84
925 393
503 189
485 658
790 777
347 593
441 972
199 53
471 944
990 832
903 955
425 8
155 435
947 911
204 988
905 391
123 724
191 994
36 741
476 508
256 941
852 135
139 756
365 848
107 184
148 782
149 563
369 709
278 153
505 389
383 492
597 806
892 870
35 261
823 292
143 854
202 318
221 114
774 744
116 344
282 502
671 880
660 926
658 637
153 67
101 413
562 225
214 852
296 702
714 292
1 183
185 594
843 659
395 411
842 448
679 956
852 488
879 320
736 50
224 774
870 397
229 27
968 133
436 667
67 705
756 300
29 788
389 235
394 179
582 672
911 490
380 8
422 749
445 580
686 642
798 88
466 737
432 593
639 175
364 532
988 638
704 941
144 674
806 570
123 199
711 574
33 51
859 203
971 405
865 906
954 685
975 785
747 926
91 967
627 708
129 753
665 935
63 344
321 105
396 296
627 629
960 576
388 489
687 663
308 168
438 288
360 544
164 624
162 279
867 128
265 294
598 272
360 734
35 626
553 497
298 368
847 755
39 918
465 849
65 319
35 856
819 82
947 137
362 491
791 602
182 662
24 300
577 388
173 305
266 661
377 238
838 45
107 53
894 826
146 99
849 772
650 895
282 582
304 447
490 454
899 456
346 510
816 474
687 297
395 217
129 341
343 340
1 147
573 515
685 201
263 119
694 313
676 796
322 416
93 702
609 471
685 90
318 332
817 162
394 117
983 789
570 490
99 910
280 116
284 516
637 402
927 818
224 657
118 229
447 89
177 557
120 260
972 744
599 756
426 196
211 890
655 981
929 488
270 365
590 314
630 871
502 746
364 655
511 584
989 936
574 878
21 630
668 503
63 495
895 726
476 864
826 519
459 114
725 371
228 317
156 50
605 989
65 421
455 6
497 276
472 118
255 341
904 35
455 269
961 54
653 728
670 590
35 641
19 472
914 200
726 865
487 151
986 530
540 85
620 51
148 14
549 121
877 412
721 836
311 282
701 942
375 928
782 721
855 506
478 392
207 74
818 221
268 254
166 741
564 662
828 917
267 446
767 147
171 538
633 155
174 355
463 648
254 141
408 231
162 426
958 670
315 648
172 23
391 823
89 643
552 653
366 805
3 823
668 791
775 77
102 803
983 174
208 160
916 101
755 55
725 901
10 40
229 164
756 651
142 408
264 851
229 821
244 985
609 959
226 541
981 667
693 23
255 922
881 479
994 534
961 327
102 609
877 939
470 259
683 254
190 222
943 320
782 198
622 897
848 464
754 265
921 866
919 443
21 876
386 670
9 701
895 953
22 917
773 675
153 554
467 436
360 138
421 281
574 465
154 388
121 79
782 770
709 283
574 416
23 170
117 59
283 668
446 823
486 960
162 522
625 632
588 580
334 308
809 337
585 218
521 632
554 711
803 252
235 494
811 665
131 571
102 18
619 388
217 845
362 999
92 28
131 832
872 552
513 160
805 648
366 640
77 289
387 867
580 136
327 921
698 95
438 338
367 104
833 828
190 403
301 554
533 399
574 629
495 276
6 1
815 885
229 216
345 507
328 743
212 909
11 490
368 643
384 696
955 691
228 407
636 500
730 113
731 296
221 890
829 676
967 607
579 140
337 521
66 73
907 901
929 845
514 981
179 520
230 891
928 3
190 998
730 147
807 821
624 431
671 785
248 678
709 999
326 441
787 825
634 764
338 619
707 357
412 690
257 759
424 64
377 96
984 56
507 741
787 535
735 821
237 71
813 619
318 923
136 675
47 343
527 985
107 72
326 234
280 558
5 975
559 488
186 777
254 408
572 101
921 299
822 741
352 127
228 642
927 426
31 97
732 786
254 122
336 547
140 752
10 428
379 647
965 372
841 958
383 547
422 945
684 284
361 1
951 214
686 417
819 832
265 512
870 285
472 688
418 298
627 56
648 659
719 584
632 354
815 777
636 314
308 205
440 445
806 783
656 961
150 959
797 48
428 693
215 671
863 275
555 98
243 718
373 515
445 150
527 456
674 940
34 591
364 842
381 868
612 224
652 783
653 546
284 139
240 215
807 729
278 489
958 351
356 565
933 131
536 361
527 799
19 556
574 286
541 591
692 973
109 589
738 31
4 463
443 889
62 733
504 889
58 158
602 865
755 625
774 725
101 559
52 459
943 914
254 7
332 814
130 135
816 426
961 695
232 545
33 944
713 54
310 388
348 207
738 579
462 67
484 415
139 44
12 310
345 887
849 455
295 81
404 47
461 10
814 758
928 673
637 401
968 830
557 304
728 42
546 195
360 50
860 487
203 556
494 29
332 136
902 4
25 592
155 897
483 268
896 886
285 30
932 827
356 110
246 637
7 561
674 238
752 722
753 367
626 247
899 687
536 243
124 2
652 973
449 398
327 421
735 329
2 162
446 732
618 885
89 65
142 245
869 900
425 403
530 34
865 593
458 25
39 548
575 758
925 515
32 862
841 472
549 919
330 95
187 698
904 770
449 309
35 510
397 251
662 841
830 765
512 21
942 425
254 321
143 792
793 703
885 33
585 829
692 348
110 768
236 715
935 881
885 210
758 832
541 998
11 807
653 236
712 696
585 142
932 421
36 242
275 922
222 936
588 349
580 503
836 793
693 688
290 760
949 550
452 2
788 740
400 749
673 684
672 857
930 370
854 988
391 822
250 940
289 788
181 366
702 640
966 825
237 967
275 342
665 290
594 392
152 395
154 729
693 372
471 362
39 166
608 387
648 570
242 129
578 295
100 39
394 426
68 517
189 316
105 536
969 883
473 28
19 168
4 956
646 263
502 913
599 317
69 722
530 356
821 867
498 584
239 497
469 28
764 339
131 408
825 465
424 686
118 208
924 387
448 460
640 970
400 367
844 120
60 217
117 280
249 144
526 490
948 440
396 745
867 296
49 729
850 147
948 559
221 507
500 182
442 949
307 515
16 76
490 31
219 631
880 907
44 378
82 197
743 56
347 714
984 665
680 370
334 471
845 628
345 830
21 23
336 727
135 115
232 392
234 314
309 268
242 737
613 510
81 165
813 236
525 568
654 932
816 47
524 496
134 666
198 911
987 54
471 409
272 817
384 923
688 233
446 201
618 358
198 798
569 346
517 922
403 22
955 581
650 61
392 699
600 916
128 271
916 344
249 278
795 665
975 831
600 746
457 569
802 323
772 383
510 978
539 668
278 529
446 442
263 800
877 910
535 968
611 318
904 158
152 931
482 502
247 186
194 290
143 728
514 837
985 839
715 204
271 346
312 809
166 132
613 741
730 424
193 250
251 300
528 568
946 363
400 331
74 446
944 776
62 599
193 260
771 509
279 178
601 304
210 564
743 382
504 205
698 589
611 138
828 472
998 307
562 12
376 7
468 479
74 506
111 609
93 270
81 598
210 114
546 760
709 92
325 323
979 536
422 807
352 239
996 648
44 237
542 628
104 512
309 54
54 946
940 951
615 649
486 297
748 839
309 17
751 132
275 289
721 945
632 244
461 246
743 499
415 329
937 873
385 466
261 175
7 959
104 988
712 283
489 646
226 595
449 304
712 362
988 506
688 499
318 50
411 892
284 486
968 579
575 110
317 362
708 525
344 312
311 844
113 205
612 225
374 148
446 289
88 829
14 37
36 549
915 282
97 561
387 149
340 147
86 395
805 503
921 714
776 195
778 945
819 39
895 880
877 293
790 484
937 80
226 470
44 766
61 184
834 504
253 656
566 931
992 544
776 289
118 826
339 955
857 698
469 708
73 235
382 895
934 534
314 647
645 577
461 628
373 152
724 118
88 488
40 395
370 686
405 413
418 676
232 659
13 360
893 521
861 100
560 977
983 381
83 156
466 236
288 984
938 197
440 943
607 657
149 9
101 256
546 399
606 603
29 724
245 347
379 531
876 709
181 265
864 133
862 880
777 562
584 4
691 389
439 630
462 653
871 595
622 431
107 814
60 689
20 239
369 315
907 657
897 411
242 154
741 180
292 812
279 523
240 629
159 885
29 91
236 442
167 174
460 180
942 784
347 618
638 341
677 510
659 95
259 301
977 512
355 180
28 118
105 861
421 1
66 848
909 300
32 224
276 388
109 782
112 62
402 430
352 525
443 678
939 605
875 347
736 739
37 194
807 546
60 165
580 828
430 19
52 513
571 531
53 872
75 992
22 233
235 385
944 943
176 569
174 20
819 289
126 269
114 656
37 292
240 688
206 485
465 605
657 351
309 996
699 292
81 525
282 300
599 916
709 387
230 227
469 826
163 99
468 874
737 90
727 611
28 847
965 186
750 960
823 12
699 2
993 801
611 718
18 73
603 686
509 991
68 39
920 324
813 135
194 633
239 147
841 710
91 483
920 243
265 733
423 360
67 394
214 495
347 404
91 16
57 416
557 275
523 143
781 927
124 472
287 518
39 161
167 108
92 992
725 578
30 316
582 889
125 994
146 200
906 383
356 138
393 128
256 776
51 604
307 966
933 518
296 229
113 939
403 475
846 557
479 204
748 523
15 174
810 98
593 370
795 986
373 762
709 880
398 205
626 506
709 639
688 665
657 878
217 151
588 898
866 316
264 352
946 324
221 728
916 872
39 971
250 184
822 834
325 810
970 209
308 536
904 831
154 386
88 130
914 392
44 597
758 452
433 202
128 664
348 995
991 539
558 154
514 196
989 102
629 15
666 59
393 868
813 440
932 474
443 255
617 728
100 691
940 972
462 440
428 248
286 234
55 315
556 252
495 48
892 695
996 459
922 498
86 599
288 557
312 400
58 252
524 497
138 52
342 316
785 987
111 113
955 471
370 13
159 559
553 828
489 697
171 85
375 173
301 714
450 4
124 83
151 764
777 181
209 427
194 1
949 415
644 419
186 763
773 581
344 349
833 588
215 618
751 660
150 790
80 311
388 496
933 796
293 445
787 328
320 373
528 938
605 692
751 618
482 217
339 832
302 308
106 733
565 498
541 644
734 475
222 15
615 588
892 643
622 620
109 679
408 758
101 855
706 731
914 492
774 860
62 694
448 870
197 85
456 337
775 578
724 154
55 970
993 23
992 210
420 347
168 500
847 92
443 170
945 236
595 455
659 970
614 549
776 834
709 236
177 459
987 454
593 506
789 196
614 91
585 423
966 612
651 60
210 292
430 737
445 720
11 298
711 789
949 160
552 982
147 346
688 150
925 215
824 438
811 208
904 462
760 520
246 535
411 718
607 918
68 719
566 346
234 723
364 678
536 153
845 590
501 587
177 881
551 476
270 33
921 943
367 691
498 574
100 990
653 544
156 88
138 767
421 108
5 365
479 314
563 271
570 608
697 725
383 222
758 446
596 461
523 881
196 947
322 530
329 278
827 755
19 558
39 295
46 330
465 854
338 476
654 148
966 218
490 291
426 158
383 60
631 714
868 676
387 336
316 346
745 696
338 254
965 931
438 813
224 249
387 737
119 1000
652 179
819 738
606 830
864 457
115 833
962 986
814 939
600 499
638 367
970 515
257 14
296 564
372 199
10 334
508 263
146 894
112 780
738 560
25 139
816 138
220 290
840 111
159 449
628 214
21 288
975 547
409 518
909 270
365 762
181 42
680 431
813 146
759 749
50 549
265 199
410 920
820 919
379 225
15 439
588 475
110 115
238 266
294 330
646 255
450 76
329 869
39 482
186 562
479 235
282 693
234 838
364 793
844 19
943 436
939 289
191 436
407 569
910 418
530 87
990 652
649 148
173 846
562 754
570 766
536 514
114 530
867 80
649 229
626 634
714 965
680 717
607 18
65 367
321 773
801 531
452 569
605 560
268 868
252 984
994 36
98 465
830 902
120 649
853 367
838 509
586 362
236 295
862 129
905 702
876 215
714 54
515 59
598 749
116 364
845 785
27 757
396 390
934 642
304 301
931 920
418 829
384 373
497 390
968 403
292 981
196 9
931 246
290 210
608 89
736 14
577 850
906 824
910 800
250 938
345 706
737 822
440 682
665 439
262 39
391 833
694 58
991 692
138 224
964 276
103 712
897 377
328 718
111 205
439 714
850 687
690 772
837 947
968 958
753 440
609 956
497 122
25 675
872 26
1000 111
914 508
195 271
697 81
806 285
185 293
373 584
416 320
565 74
624 570
215 577
344 797
807 957
248 798
289 184
526 863
998 808
160 84
34 629
791 649
722 806
619 654
446 766
29 398
74 265
19 392
592 326
413 107
601 56
88 101
643 319
705 484
888 972
248 619
912 460
623 760
455 666
519 801
973 985
467 184
309 805
734 30
403 884
297 409
140 65
876 315
616 814
115 539
867 520
970 771
275 843
240 556
371 306
667 993
432 414
767 176
337 760
55 20
131 572
813 456
819 587
289 724
287 929
534 482
281 376
817 158
600 602
567 110
495 970
497 986
408 117
10 233
481 600
112 931
280 175
927 644
711 816
177 537
877 584
919 935
441 92
466 60
352 97
281 523
265 142
690 857
371 319
532 84
716 729
418 372
241 319
389 21
233 659
532 59
788 173
835 278
480 788
959 132
302 889
84 664
782 391
747 950
75 257
761 802
557 681
781 757
730 239
859 385
130 937
331 104
169 853
646 481
448 268
122 863
304 153
69 692
30 586
201 580
445 81
212 332
680 758
66 340
381 959
776 41
556 449
751 689
692 127
222 12
827 23
718 876
131 92
633 788
213 952
508 824
348 849
59 302
640 404
724 52
527 587
883 589
465 676
107 363
568 903
993 142
867 693
889 845
525 487
999 432
214 872
148 334
422 805
224 60
885 313
615 96
653 387
489 72
987 473
614 88
500 840
379 521
286 199
604 70
381 219
453 574
756 441
729 967
694 115
461 244
924 716
531 594
409 739
570 52
472 546
308 200
327 668
94 697
755 353
512 246
206 555
913 691
268 846
431 642
308 127
91 889
536 154
276 925
61 641
685 583
869 314
262 664
321 252
963 829
964 112
290 561
602 287
350 865
226 691
298 196
119 60
726 12
873 584
178 558
18 199
381 865
365 156
795 901
770 599
672 200
450 698
344 425
622 956
716 129
60 445
934 246
377 295
70 770
516 120
956 871
977 708
852 816
563 191
674 764
92 637
708 682
162 645
580 926
852 167
834 502
433 311
641 842
566 929
222 891
683 521
62 704
410 97
340 482
415 496
733 277
59 330
480 229
832 74
746 640
876 259
35 293
606 940
888 337
724 191
656 55
647 439
127 792
936 839
334 482
524 118
525 267
7 788
582 504
552 375
182 214
390 483
673 645
399 595
515 410
789 231
832 566
63 966
390 114
68 104
250 919
148 64
161 794
833 840
811 72
891 676
133 805
46 978
237 881
171 15
172 988
319 927
219 283
384 560
976 126
316 759
214 374
336 221
778 396
213 361
994 817
881 311
420 693
702 295
579 184
962 208
624 543
181 892
476 892
403 302
716 86
330 745
459 967
591 950
528 868
467 464
764 330
418 420
476 642
916 999
611 457
294 791
190 708
40 875
856 480
184 413
973 675
874 652
970 908
611 167
62 764
196 694
876 208
1 416
737 894
488 288
943 962
927 329
935 565
859 211
645 820
315 49
395 249
714 489
399 657
242 534
224 117
336 607
244 120
615 91
357 807
221 172
234 178
383 535
629 843
524 233
357 136
528 236
801 59
902 298
6 255
637 449
86 585
641 676
383 885
495 399
355 568
689 264
16 702
21 323
399 385
150 681
100 460
751 47
128 439
924 939
673 237
608 390
204 497
228 511
15 59
471 581
220 843
39 385
167 332
506 360
913 472
270 111
238 803
630 609
620 936
69 735
694 534
53 406
368 456
810 243
540 904
726 935
857 52
878 738
791 761
795 250
174 741
820 351
397 58
649 913
279 58
464 857
931 635
322 263
921 561
966 815
279 171
376 272
283 300
434 333
965 856
213 931
913 949
600 558
182 594
662 872
40 39
938 992
888 683
141 279
642 284
236 667
202 263
313 563
567 986
179 525
805 961
747 190
767 179
624 387
7 50
176 916
712 806
585 56
955 162
148 282
956 433
262 230
779 456
764 522
733 211
875 675
300 444
506 762
694 148
367 469
552 621
112 932
252 180
548 505
56 919
219 421
1000 174
927 903
355 287
592 840
332 211
885 777
190 241
218 230
698 300
385 661
498 822
734 925
497 502
868 195
597 395
561 685
216 946
977 809
203 164
919 618
702 78
423 603
355 97
97 554
978 885
243 788
552 608
492 77
934 188
421 455
170 729
389 633
875 404
485 960
127 291
109 980
817 297
444 31
852 140
36 881
22 804
424 211
995 668
173 456
874 599
123 969
586 419
53 942
558 837
762 224
582 63
549 142
474 1000
93 2
365 797
666 490
871 23
512 844
969 27
257 183
849 573
262 416
580 443
415 194
295 552
137 986
615 99
752 968
837 421
949 539
825 549
186 766
720 701
257 81
867 914
582 507
396 572
146 939
1 84
55 281
148 173
591 379
101 203
547 993
306 785
419 626
93 631
901 698
224 650
137 261
124 403
536 509
756 344
66 276
214 132
215 949
860 398
733 696
494 244
920 971
939 25
868 897
484 906
394 414
68 713
159 658
493 68
424 597
811 99
986 348
158 478
683 436
223 252
939 199
759 478
407 485
415 814
311 841
593 696
527 69
847 984
558 677
479 292
501 284
313 738
813 937
801 799
463 848
472 445
539 830
623 706
257 727
476 477
576 819
260 974
156 751
675 937
643 108
990 210
41 825
848 711
44 648
481 34
762 149
361 532
749 633
992 914
993 463
995 521
390 567
25 261
432 377
233 455
509 357
76 904
75 551
940 428
978 300
318 853
745 591
249 792
344 516
254 11
257 147
165 570
974 768
84 718
893 688
650 897
839 686
953 523
296 566
975 414
483 884
618 249
598 947
766 49
289 659
370 728
737 285
8 869
975 271
785 647
695 156
509 937
778 931
933 18
993 996
647 25
760 985
837 699
567 454
402 692
275 318
155 788
910 612
770 82
147 376
367 797
133 949
225 828
51 724
693 141
878 139
740 232
821 105
513 680
218 222
437 368
829 590
5 28
562 843
514 998
894 992
271 249
931 669
961 495
543 941
398 244
720 835
77 523
227 98
445 39
448 373
1000 674
11 851
503 273
195 960
109 890
205 645
78 911
389 544
692 143
730 454
41 123
943 126
198 195
911 916
273 152
169 479
353 170
123 512
127 645
23 157
836 720
265 861
787 704
244 859
942 28
461 977
144 425
660 689
572 41
404 907
997 564
63 621
627 574
949 689
276 333
424 59
660 500
874 530
874 208
14 554
715 896
809 892
116 179
690 766
399 438
625 915
634 931
867 50
266 89
910 806
489 400
107 993
935 553
120 404
713 385
806 678
128 25
94 852
996 304
65 626
816 918
893 152
403 254
115 264
184 473
176 388
472 539
422 537
788 139
99 284
377 930
703 632
788 272
108 598
329 775
915 8
240 422
95 872
843 957
827 506
87 404
75 500
167 476
958 57
482 494
688 525
854 126
583 852
714 517
133 365
640 607
995 901
105 975
861 628
292 337
437 776
830 977
482 163
747 968
235 921
375 941
649 993
433 382
788 832
937 971
849 822
597 780
892 856
72 921
246 154
273 422
520 993
171 863
938 698
524 985
597 765
249 871
823 335
827 136
884 847
158 182
405 466
867 667
742 357
636 8
548 38
510 169
3 491
723 56
308 586
123 402
185 937
612 960
602 591
79 269
28 989
441 128
243 12
937 992
777 591
375 904
893 203
168 998
66 305
998 398
